type	loc	start	end
promoter	830223	2653905	2656049
OE	830225	2661711	2667005
OE	830226	2667006	2675925
OE	830228	2675969	2677930
OE	830229	2677931	2678456
OE	830230	2678457	2679048
OE	830231	2679049	2679341
OE	830232	2679342	2680390
OE	830233	2680391	2681450
OE	830234	2681451	2689513
OE	830235	2689514	2692149
OE	830236	2692150	2693058
OE	830237	2693059	2694843
OE	830238	2694844	2697724
OE	830239	2697725	2698114
OE	830240	2698115	2699215
OE	830241	2699216	2700607
OE	830242	2700608	2705154
OE	830243	2705155	2706296
OE	830244	2706297	2712739
OE	830245	2712740	2718164
OE	830246	2718165	2721071
OE	830247	2721072	2721462
OE	830248	2721463	2726476
OE	830249	2726477	2727796
OE	830250	2727797	2732899
OE	830251	2732900	2734230
OE	830252	2734231	2735911
OE	830253	2735912	2737972
OE	830254	2737973	2744106
OE	830255	2744107	2747544
OE	830256	2747545	2748879
OE	830257	2748880	2751294
OE	830258	2751295	2764807
OE	830259	2764808	2766406
OE	830260	2766407	2768271
OE	830261	2768272	2769688
OE	830262	2769689	2771162
OE	830263	2771163	2784122
OE	830264	2784123	2789197
OE	830265	2789198	2790797
OE	830266	2790798	2794801
OE	830267	2794802	2800572
OE	830268	2800573	2805795
OE	830269	2805796	2812365
OE	830270	2812366	2813288
OE	830271	2813289	2816307
OE	830272	2816308	2816950
OE	830273	2816951	2818459
OE	830275	2818610	2819487
OE	830276	2819488	2825582
OE	830277	2825583	2831164
OE	830278	2831165	2832507
OE	830279	2832508	2833646
OE	830280	2833647	2837210
OE	830282	2837352	2842726
OE	830283	2842727	2846503
OE	830284	2846504	2846779
OE	830285	2846780	2848047
OE	830286	2848048	2848300
OE	830287	2848301	2850846
OE	830288	2850847	2851320
OE	830289	2851321	2855302
OE	830290	2855303	2861635
OE	830291	2861636	2863485
OE	830292	2863486	2865128
OE	830294	2865211	2865777
OE	830296	2865806	2870457
OE	830297	2870458	2870845
OE	830298	2870846	2871611
OE	830299	2871612	2874284
OE	830300	2874285	2875266
OE	830301	2875267	2876981
OE	830302	2876982	2887296
OE	830303	2887297	2897256
OE	830304	2897257	2902865
OE	830306	2903016	2907856
OE	830307	2907857	2911410
OE	830308	2911411	2918683
OE	830310	2923558	2924900
OE	830311	2924901	2926377
OE	830313	2927170	2929500
OE	830314	2929501	2935473
OE	830315	2935474	2936755
OE	830316	2936756	2941115
OE	830318	2941214	2942251
OE	830319	2942252	2965227
OE	830321	2968808	2970191
OE	830322	2970192	2971798
OE	830323	2971799	2973688
OE	830324	2973689	2973850
OE	830325	2973851	2976189
OE	830326	2976190	2977750
OE	830327	2977751	2978311
OE	830328	2978312	2978714
OE	830329	2978715	2983453
OE	830331	2984156	2989652
OE	830332	2989653	2991078
OE	830333	2991079	2992872
OE	830334	2992873	2995135
OE	830335	2995136	2996998
OE	830336	2996999	2999974
OE	830337	2999975	3003917
OE	830338	3003918	3004317
OE	830339	3004318	3008417
OE	830340	3008418	3017328
OE	830341	3017329	3018943
OE	830343	3019038	3021458
OE	830344	3021459	3024221
OE	830345	3024222	3029835
OE	830346	3029836	3031345
OE	830347	3031346	3039158
OE	830348	3039159	3040156
OE	830349	3040157	3045587
OE	830351	3045889	3049196
OE	830353	3049277	3052433
OE	830355	3052478	3055630
OE	830356	3055631	3057265
OE	830357	3057266	3063833
OE	830359	3063856	3079815
OE	830360	3079816	3081154
OE	830361	3081155	3085346
OE	830362	3085347	3090475
OE	830363	3090476	3091533
OE	830364	3091534	3095270
OE	830365	3095271	3098526
OE	830366	3098527	3099163
OE	830367	3099164	3104825
OE	830368	3104826	3111422
OE	830369	3111423	3115824
OE	830370	3115825	3119800
OE	830371	3119801	3121618
OE	830372	3121619	3122739
OE	830373	3122740	3129532
OE	830375	3129553	3130426
OE	830376	3130427	3137742
OE	830377	3137743	3139297
OE	830379	3139377	3141394
OE	830380	3141395	3142333
OE	830381	3142334	3143023
OE	830382	3143024	3143565
OE	830385	3150477	3151478
OE	830386	3151479	3153501
OE	830387	3153502	3155324
OE	830388	3155325	3156302
OE	830389	3156303	3161384
OE	830390	3161385	3167822
OE	830391	3167823	3177628
OE	830392	3177629	3177945
OE	830393	3177946	3178113
OE	830394	3178114	3180442
OE	830395	3180443	3184599
OE	830396	3184600	3188544
OE	830400	3191662	3204320
OE	830401	3204321	3205431
OE	830403	3207333	3218376
OE	830404	3218377	3219133
OE	830405	3219134	3224521
OE	830406	3224522	3225757
OE	830408	3226055	3226303
OE	830409	3226304	3232561
OE	830410	3232562	3234619
OE	830411	3234620	3237434
OE	830412	3237435	3239433
OE	830413	3239434	3247810
OE	830414	3247811	3248039
OE	830415	3248040	3250027
OE	830416	3250028	3252816
OE	830417	3252817	3255564
OE	830418	3255565	3259593
OE	830419	3259594	3262384
OE	830420	3262385	3266762
OE	830421	3266763	3271403
OE	830422	3271404	3272510
OE	830423	3272511	3272707
OE	830424	3272708	3280050
OE	830425	3280051	3282388
OE	830426	3282389	3288217
OE	830427	3288218	3290825
OE	830428	3290826	3294763
OE	830429	3294764	3299888
OE	830430	3299889	3301878
OE	830431	3301879	3307024
OE	830432	3307025	3309275
OE	830437	3320313	3324451
OE	830439	3324616	3328239
OE	830440	3328240	3329589
OE	830441	3329590	3330406
OE	830442	3330407	3332399
OE	830443	3332400	3335562
OE	830445	3335695	3336463
OE	830446	3336464	3339187
OE	830447	3339188	3340390
OE	830449	3340415	3346347
OE	830450	3346348	3358875
OE	830451	3358876	3363128
OE	830452	3363129	3367269
OE	830453	3367270	3368922
OE	830454	3368923	3371497
OE	830457	3380744	3382455
OE	830458	3382456	3385605
OE	830460	3385723	3388282
OE	830461	3388283	3390363
OE	830462	3390364	3397979
OE	830463	3397980	3398937
OE	830464	3398938	3400736
OE	830466	3400784	3403564
OE	830468	3405555	3407532
OE	830469	3407533	3411471
OE	830470	3411472	3412635
OE	830472	3416970	3417495
OE	830474	3423620	3429766
OE	830475	3429767	3439053
OE	830476	3439054	3444337
OE	830477	3444338	3448502
OE	830478	3448503	3448981
OE	830482	3455910	3459466
OE	830483	3459467	3461679
OE	830484	3461680	3467676
OE	830486	3467791	3468654
OE	830487	3468655	3471695
OE	830489	3471794	3472686
OE	830491	3473464	3474942
OE	830493	3474992	3476215
OE	830494	3476216	3477704
OE	830497	3482741	3483043
OE	830498	3483044	3484597
OE	830499	3484598	3484884
OE	830502	3485013	3486956
OE	830503	3486957	3488396
OE	830504	3488397	3489607
OE	830505	3489608	3490531
OE	830507	3491946	3492240
OE	830508	3492241	3493178
OE	830510	3493275	3495174
OE	830513	3495708	3505364
OE	830514	3505365	3518742
OE	830516	3525432	3531451
OE	830519	3532764	3534149
OE	830521	3538273	3540971
OE	830522	3540972	3542861
OE	830523	3542862	3546535
OE	830524	3546536	3549800
OE	830526	3552469	3561154
OE	830527	3561155	3563333
OE	830528	3563334	3571365
OE	830529	3571366	3576455
OE	830536	3595346	3598697
OE	830541	3613466	3616750
OE	830542	3616751	3618217
OE	830543	3618218	3625031
OE	830545	3626426	3632446
OE	830547	3633755	3637054
OE	830550	3651529	3658642
OE	830556	3666980	3668576
OE	830565	3695226	3699113
OE	830569	3713542	3715708
OE	830577	3729711	3745562
OE	830580	3749305	3749876
OE	830582	3753227	3758562
OE	830588	3773940	3775816
OE	830589	3775817	3779315
OE	830611	3849174	3850774
OE	830614	3851540	3853640
OE	830631	3897819	3900086
OE	830764	4256235	4261431
OE	830973	4941373	4944445
OE	831548	6894461	6894769
OE	831577	6987717	6992021
OE	831728	7550778	7556313
OE	831743	7629289	7630079
promoter	830244	2706297	2712739
OE	830223	2653905	2656049
OE	830224	2656050	2661710
OE	830320	2965228	2968807
OE	830383	3143566	3150422
OE	830402	3205432	3207332
OE	830455	3371498	3376594
OE	830471	3412636	3416969
OE	830479	3448982	3451646
OE	830495	3477705	3479700
OE	830518	3531511	3532763
OE	830525	3549801	3552468
OE	830538	3607227	3613135
OE	830546	3632447	3633754
OE	830554	3661988	3662302
OE	830555	3662303	3666979
OE	830568	3704262	3713541
OE	830571	3715782	3721317
OE	830578	3745563	3747709
OE	830591	3784475	3787348
OE	830599	3809976	3810453
OE	830602	3820221	3822558
OE	830604	3822743	3825840
OE	830606	3827903	3833196
OE	830613	3850864	3851539
OE	830616	3859528	3862233
OE	830617	3862234	3865952
OE	830618	3865953	3866609
OE	830621	3868221	3869336
OE	830626	3886381	3887999
OE	830627	3888000	3888911
OE	830637	3911631	3911858
OE	830638	3911859	3913394
OE	830651	3948708	3955412
OE	830689	4053079	4053349
OE	830719	4131132	4133130
OE	830730	4160542	4162083
OE	830741	4183744	4191495
OE	830758	4241585	4243410
OE	830787	4320059	4322216
OE	831617	7133659	7134529
OE	832872	15015253	15016313
promoter	830268	2800573	2805795
OE	830309	2918684	2923557
OE	830330	2983454	2984155
OE	830350	3045588	3045888
OE	830456	3376595	3380743
OE	830467	3403565	3405554
OE	830496	3479701	3482740
OE	830557	3668577	3668805
OE	830563	3688337	3691963
OE	830566	3699114	3703815
OE	830585	3767884	3770619
OE	830586	3770620	3773461
OE	830590	3779316	3784474
OE	830596	3801564	3802229
OE	830608	3835177	3837957
OE	830609	3837958	3847903
OE	830619	3866610	3867734
OE	830620	3867735	3868220
OE	830623	3871223	3874372
OE	830629	3892471	3896785
OE	830635	3907141	3910122
OE	830639	3913395	3915395
OE	830640	3915396	3915726
OE	830648	3934683	3938633
OE	830654	3966434	3968662
OE	830655	3968663	3972231
OE	830662	3995238	3998496
OE	830663	3998497	3999076
OE	830665	3999175	4003235
OE	830666	4003236	4006906
OE	830668	4011403	4017710
OE	830671	4022796	4024097
OE	830679	4041653	4043449
OE	830681	4043638	4045702
OE	830693	4059103	4061621
OE	830697	4077445	4077926
OE	830705	4089214	4094349
OE	830711	4105819	4117148
OE	830714	4119506	4120275
OE	830743	4193646	4195665
OE	830745	4196250	4200387
OE	830942	4845063	4850964
OE	831609	7103211	7107967
OE	831615	7123963	7125422
OE	831616	7125423	7133658
OE	831619	7135712	7140619
OE	831620	7140620	7151195
OE	831621	7151196	7157834
OE	831622	7157835	7162990
OE	831627	7195450	7202718
OE	831629	7222089	7222453
OE	831631	7226523	7227671
OE	831638	7251042	7255912
OE	831666	7337317	7340138
OE	831737	7591903	7593694
OE	831755	7677256	7680461
OE	832881	15025963	15026542
OE	833063	15586162	15586784
OE	833067	15590406	15597670
promoter	831511	6739708	6747559
OE	831124	5438844	5443730
OE	831403	6386542	6391685
OE	831425	6467537	6469657
OE	831443	6530002	6532436
OE	831460	6593035	6602513
OE	831471	6631827	6639398
OE	831479	6657184	6666663
OE	831481	6671915	6677309
OE	831483	6677952	6678920
OE	831485	6682368	6682661
OE	831487	6683231	6685690
OE	831488	6685691	6689191
OE	831489	6689192	6690741
OE	831491	6694266	6695590
OE	831492	6695591	6696068
OE	831493	6696069	6696793
OE	831494	6696794	6698379
OE	831495	6698380	6701562
OE	831497	6701907	6702486
OE	831498	6702487	6704362
OE	831499	6704363	6707710
OE	831500	6707711	6708746
OE	831501	6708747	6711271
OE	831502	6711272	6714245
OE	831503	6714246	6720064
OE	831504	6720065	6722223
OE	831506	6724113	6730738
OE	831507	6730739	6735492
OE	831508	6735493	6736113
OE	831509	6736114	6739252
OE	831513	6763196	6765007
OE	831514	6765008	6767216
OE	831515	6767217	6768445
OE	831516	6768446	6769316
OE	831517	6769317	6781715
OE	831518	6781716	6783002
OE	831519	6783003	6788210
OE	831520	6788211	6792562
OE	831522	6796951	6799609
OE	831523	6799610	6802113
OE	831525	6802372	6805971
OE	831526	6805972	6809270
OE	831527	6809271	6811750
OE	831528	6811751	6815795
OE	831529	6815796	6819091
OE	831533	6823994	6826348
OE	831534	6826349	6833856
OE	831535	6833857	6848924
OE	831536	6848925	6852064
OE	831538	6853928	6856333
OE	831539	6856334	6862929
OE	831545	6887562	6890427
OE	831547	6891052	6894460
OE	831556	6913978	6915273
OE	831557	6915274	6918019
OE	831559	6918836	6919180
OE	831560	6919181	6920421
OE	831561	6920422	6921656
OE	831562	6921657	6925476
OE	831564	6941423	6945267
OE	831565	6945268	6949694
OE	831571	6968087	6973096
OE	831583	7006425	7011156
OE	831586	7012701	7024516
OE	831594	7042939	7045659
OE	831610	7107968	7113434
OE	831636	7241380	7249191
OE	831651	7287271	7288970
OE	831658	7313034	7314104
OE	831681	7396603	7398166
OE	831725	7539316	7542683
OE	831746	7630799	7630961
OE	831767	7722684	7734349
OE	831769	7737168	7745677
OE	831791	7820705	7825395
OE	831796	7843642	7845007
OE	831818	7928982	7937346
OE	831821	7942236	7945681
OE	831826	7962083	7966873
OE	831843	8014438	8024764
OE	831878	8153257	8156822
OE	831882	8160988	8167760
OE	831884	8172433	8176103
OE	831897	8221963	8225613
OE	831901	8245158	8254682
OE	831907	8264862	8267303
OE	831933	8347667	8359552
OE	831943	8381153	8382124
OE	831949	8412689	8418854
OE	831970	8564220	8564461
OE	831972	8571899	8575251
OE	831980	8604794	8606763
OE	831981	8606764	8607211
OE	831996	8679151	8680877
OE	831999	8681278	8689218
OE	832025	8762386	8764147
OE	832038	8799180	8801143
OE	832059	8850011	8859142
OE	832068	8904293	8909322
OE	832082	8985606	8987674
OE	832087	8993098	8993816
OE	832141	9109172	9112434
OE	832162	9170060	9170734
promoter	831517	6769317	6781715
OE	830715	4120276	4124681
OE	830797	4351261	4353465
OE	831060	5258132	5263596
OE	831069	5290900	5302190
OE	831093	5367260	5367767
OE	831123	5438245	5438843
OE	831128	5457120	5460817
OE	831134	5469771	5472214
OE	831140	5484401	5484699
OE	831156	5521511	5522052
OE	831160	5524449	5528912
OE	831162	5532008	5533022
OE	831171	5563037	5566115
OE	831176	5585301	5588889
OE	831185	5620880	5621513
OE	831187	5627258	5628133
OE	831228	5749061	5760012
OE	831229	5760013	5761871
OE	831230	5761872	5766549
OE	831231	5766550	5769811
OE	831233	5772018	5775703
OE	831237	5786129	5789459
OE	831238	5789460	5792019
OE	831242	5799441	5803086
OE	831247	5807571	5810480
OE	831248	5810481	5817650
OE	831249	5817651	5817942
OE	831253	5825369	5828190
OE	831256	5832655	5838841
OE	831257	5838842	5840414
OE	831261	5842060	5842902
OE	831263	5843205	5846968
OE	831269	5883892	5888003
OE	831272	5890956	5891199
OE	831274	5894411	5897271
OE	831275	5897272	5899443
OE	831277	5899487	5901292
OE	831278	5901293	5904550
OE	831279	5904551	5907273
OE	831283	5912319	5916751
OE	831284	5916752	5917537
OE	831288	5939486	5943011
OE	831290	5951179	5955517
OE	831292	5959466	5968029
OE	831293	5968030	5968188
OE	831294	5968189	5969191
OE	831296	5979985	5980235
OE	831299	5984039	5985151
OE	831300	5985152	5985702
OE	831302	5989305	5994553
OE	831304	5998799	5999144
OE	831305	5999145	6001726
OE	831307	6016029	6019614
OE	831308	6019615	6021463
OE	831310	6023830	6026402
OE	831312	6031207	6044918
OE	831313	6044919	6046347
OE	831314	6046348	6052178
OE	831315	6052179	6059700
OE	831317	6060717	6063065
OE	831318	6063066	6065856
OE	831319	6065857	6066594
OE	831320	6066595	6068467
OE	831322	6068654	6075008
OE	831323	6075009	6076607
OE	831326	6078234	6079724
OE	831328	6083581	6084224
OE	831329	6084225	6090511
OE	831330	6090512	6091304
OE	831332	6093413	6108174
OE	831333	6108175	6115577
OE	831334	6115578	6117802
OE	831338	6128741	6129436
OE	831341	6138453	6139913
OE	831344	6142728	6144398
OE	831345	6144399	6144810
OE	831349	6149129	6151379
OE	831351	6151532	6153529
OE	831387	6318875	6332497
OE	831390	6334463	6346370
OE	831391	6346371	6348208
OE	831392	6348209	6351368
OE	831393	6351369	6354298
OE	831395	6354338	6358734
OE	831397	6368824	6371779
OE	831398	6371780	6372833
OE	831399	6372834	6377964
OE	831400	6377965	6381443
OE	831401	6381444	6382645
OE	831402	6382646	6386541
OE	831405	6394041	6396560
OE	831406	6396561	6397338
OE	831407	6397339	6408685
OE	831409	6412396	6415408
OE	831410	6415409	6419537
OE	831412	6422472	6429821
OE	831413	6429822	6431861
OE	831414	6431862	6432418
OE	831415	6432419	6435198
OE	831416	6435199	6442730
OE	831417	6442731	6445704
OE	831420	6457365	6461144
OE	831421	6461145	6461524
OE	831422	6461525	6464466
OE	831423	6464467	6465440
OE	831424	6465441	6467536
OE	831426	6469658	6480215
OE	831427	6480216	6481329
OE	831428	6481330	6487739
OE	831429	6487740	6492443
OE	831430	6492444	6495311
OE	831431	6495312	6496585
OE	831433	6498472	6503613
OE	831434	6503614	6506948
OE	831435	6506949	6507743
OE	831436	6507744	6508678
OE	831437	6508679	6522383
OE	831438	6522384	6525502
OE	831439	6525503	6527018
OE	831440	6527019	6529355
OE	831442	6529430	6530001
OE	831444	6532437	6534197
OE	831445	6534198	6540969
OE	831446	6540970	6546283
OE	831453	6564083	6566306
OE	831455	6579700	6586184
OE	831456	6586185	6586745
OE	831457	6586746	6590268
OE	831458	6590269	6590429
OE	831459	6590430	6593034
OE	831461	6602514	6607458
OE	831462	6607459	6609397
OE	831463	6609398	6611108
OE	831464	6611109	6613282
OE	831465	6613283	6613468
OE	831466	6613469	6614425
OE	831467	6614426	6623084
OE	831468	6623085	6624968
OE	831469	6624969	6626057
OE	831470	6626058	6631826
OE	831472	6639399	6641285
OE	831473	6641286	6641826
OE	831474	6641827	6642383
OE	831475	6642384	6642711
OE	831476	6642712	6645503
OE	831478	6645578	6657183
OE	831480	6666664	6671914
OE	831482	6677310	6677951
OE	831484	6678921	6682367
OE	831486	6682662	6683230
OE	831490	6690742	6694265
OE	831496	6701563	6701906
OE	831505	6722224	6724112
OE	831510	6739253	6739707
OE	831511	6739708	6747559
OE	831512	6747560	6763195
OE	831521	6792563	6796950
OE	831524	6802114	6802371
OE	831530	6819092	6820976
OE	831531	6820977	6821520
OE	831532	6821521	6823993
OE	831537	6852065	6853927
OE	831540	6862930	6873491
OE	831541	6873492	6877404
OE	831542	6877405	6879094
OE	831543	6879095	6880970
OE	831544	6880971	6887561
OE	831546	6890428	6891051
OE	831549	6894770	6900159
OE	831550	6900160	6901661
OE	831551	6901662	6908384
OE	831552	6908385	6909502
OE	831553	6909503	6910301
OE	831554	6910302	6913754
OE	831555	6913755	6913977
OE	831558	6918020	6918835
OE	831563	6925477	6941422
OE	831566	6949695	6958389
OE	831567	6958390	6965442
OE	831568	6965443	6966818
OE	831569	6966819	6967128
OE	831570	6967129	6968086
OE	831572	6973097	6973695
OE	831573	6973696	6974581
OE	831574	6974582	6979235
OE	831576	6979333	6987716
OE	831578	6992022	6995418
OE	831579	6995419	6996156
OE	831580	6996157	7002092
OE	831581	7002093	7004531
OE	831582	7004532	7006424
OE	831584	7011157	7011645
OE	831585	7011646	7012700
OE	831588	7026407	7030258
OE	831589	7030259	7034237
OE	831590	7034238	7038233
OE	831591	7038234	7039845
OE	831592	7039846	7042372
OE	831593	7042373	7042938
OE	831595	7045660	7046112
OE	831596	7046113	7046666
OE	831597	7046667	7048889
OE	831598	7048890	7055534
OE	831599	7055535	7060402
OE	831600	7060403	7062287
OE	831601	7062288	7062818
OE	831602	7062819	7065974
OE	831603	7065975	7067849
OE	831604	7067850	7070043
OE	831605	7070044	7081111
OE	831606	7081112	7100750
OE	831607	7100751	7103133
OE	831611	7113435	7114896
OE	831612	7114897	7119968
OE	831614	7121848	7123962
OE	831618	7134530	7135711
OE	831623	7162991	7168625
OE	831624	7168626	7175470
OE	831625	7175471	7195387
OE	831628	7202719	7222088
OE	831630	7222454	7226522
OE	831632	7227672	7237555
OE	831633	7237556	7240381
OE	831635	7240501	7241379
OE	831637	7249192	7251041
OE	831640	7255952	7257659
OE	831641	7257660	7270222
OE	831642	7270223	7271954
OE	831644	7272004	7272430
OE	831646	7272545	7275297
OE	831647	7275298	7276195
OE	831648	7276196	7282651
OE	831649	7282652	7285003
OE	831650	7285004	7287270
OE	831652	7288971	7291376
OE	831653	7291377	7296805
OE	831654	7296806	7299490
OE	831655	7299491	7303730
OE	831656	7303731	7306299
OE	831657	7306300	7313033
OE	831659	7314105	7321624
OE	831660	7321625	7325553
OE	831661	7325554	7326062
OE	831662	7326063	7328182
OE	831663	7328183	7334212
OE	831664	7334213	7337235
OE	831667	7340139	7341009
OE	831668	7341010	7346650
OE	831670	7346762	7347238
OE	831671	7347239	7355915
OE	831672	7355916	7357114
OE	831673	7357115	7358296
OE	831674	7358297	7367070
OE	831675	7367071	7368624
OE	831676	7368625	7370808
OE	831677	7370809	7376292
OE	831678	7376293	7392734
OE	831679	7392735	7393319
OE	831680	7393320	7396602
OE	831682	7398167	7402820
OE	831683	7402821	7407440
OE	831684	7407441	7417617
OE	831685	7417618	7421750
OE	831686	7421751	7424991
OE	831687	7424992	7428306
OE	831688	7428307	7432914
OE	831689	7432915	7436201
OE	831690	7436202	7440463
OE	831692	7442347	7445824
OE	831693	7445825	7446871
OE	831698	7453058	7457198
OE	831699	7457199	7457467
OE	831701	7461850	7462247
OE	831702	7462248	7468770
OE	831709	7499270	7500638
OE	831710	7500639	7503202
OE	831712	7503552	7506163
OE	831713	7506164	7513274
OE	831714	7513275	7514057
OE	831715	7514058	7516365
OE	831716	7516366	7517197
OE	831717	7517198	7521353
OE	831718	7521354	7523226
OE	831719	7523227	7525307
OE	831720	7525308	7525603
OE	831721	7525604	7528567
OE	831723	7528639	7529925
OE	831724	7529926	7539315
OE	831726	7542684	7544036
OE	831727	7544037	7550777
OE	831729	7556314	7563775
OE	831730	7563776	7575450
OE	831731	7575451	7577424
OE	831732	7577425	7581735
OE	831733	7581736	7583148
OE	831734	7583149	7584522
OE	831735	7584523	7586829
OE	831736	7586830	7591902
OE	831738	7593695	7600155
OE	831739	7600156	7601584
OE	831740	7601585	7604768
OE	831742	7604906	7629288
OE	831744	7630080	7630374
OE	831745	7630375	7630798
OE	831748	7631018	7644302
OE	831749	7644303	7649990
OE	831750	7649991	7652857
OE	831752	7657449	7662543
OE	831753	7662544	7670654
OE	831754	7670655	7677255
OE	831756	7680462	7691114
OE	831757	7691115	7693331
OE	831758	7693332	7693619
OE	831759	7693620	7708238
OE	831760	7708239	7710705
OE	831761	7710706	7711151
OE	831762	7711152	7717234
OE	831763	7717235	7719035
OE	831764	7719036	7719797
OE	831765	7719798	7720012
OE	831766	7720013	7722683
OE	831768	7734350	7737167
OE	831770	7745678	7748449
OE	831771	7748450	7749068
OE	831772	7749069	7754155
OE	831773	7754156	7761713
OE	831774	7761714	7766600
OE	831775	7766601	7780490
OE	831776	7780491	7780788
OE	831777	7780789	7781780
OE	831778	7781781	7781946
OE	831779	7781947	7785922
OE	831780	7785923	7789332
OE	831781	7789333	7793477
OE	831782	7793478	7797995
OE	831783	7797996	7804659
OE	831784	7804660	7806079
OE	831785	7806080	7806905
OE	831786	7806906	7807838
OE	831787	7807839	7816458
OE	831788	7816459	7817185
OE	831789	7817186	7819016
OE	831790	7819017	7820704
OE	831792	7825396	7830375
OE	831793	7830376	7833633
OE	831794	7833634	7842182
OE	831795	7842183	7843641
OE	831797	7845008	7845627
OE	831798	7845628	7848913
OE	831799	7848914	7849733
OE	831800	7849734	7850576
OE	831801	7850577	7856549
OE	831802	7856550	7856890
OE	831803	7856891	7859805
OE	831804	7859806	7876383
OE	831805	7876384	7883295
OE	831807	7883400	7892173
OE	831808	7892174	7893438
OE	831809	7893439	7897546
OE	831810	7897547	7900328
OE	831811	7900329	7906951
OE	831812	7906952	7909478
OE	831813	7909479	7912671
OE	831814	7912672	7913692
OE	831815	7913693	7914234
OE	831816	7914235	7920528
OE	831817	7920529	7928981
OE	831819	7937347	7937922
OE	831820	7937923	7942235
OE	831822	7945682	7946766
OE	831823	7946767	7954239
OE	831824	7954240	7957475
OE	831825	7957476	7962082
OE	831828	7969317	7978206
OE	831829	7978207	7980822
OE	831831	7982613	7984006
OE	831832	7984007	7987879
OE	831833	7987880	7988728
OE	831834	7988729	7990995
OE	831835	7990996	7993466
OE	831836	7993467	7993741
OE	831838	7995196	7995709
OE	831839	7995710	8001088
OE	831840	8001089	8004728
OE	831844	8024765	8026570
OE	831846	8030621	8032383
OE	831847	8032384	8034950
OE	831848	8034951	8049068
OE	831849	8049069	8052859
OE	831850	8052860	8063393
OE	831851	8063394	8072307
OE	831852	8072308	8073194
OE	831853	8073195	8077702
OE	831854	8077703	8079201
OE	831855	8079202	8082356
OE	831856	8082357	8086363
OE	831857	8086364	8088499
OE	831858	8088500	8089148
OE	831859	8089149	8089958
OE	831860	8089959	8097098
OE	831861	8097099	8102806
OE	831863	8105843	8106803
OE	831865	8111449	8115851
OE	831866	8115852	8117548
OE	831867	8117549	8117767
OE	831868	8117768	8121293
OE	831869	8121294	8122241
OE	831870	8122242	8128190
OE	831871	8128191	8132014
OE	831872	8132015	8132992
OE	831873	8132993	8135925
OE	831874	8135926	8143852
OE	831875	8143853	8145201
OE	831877	8145657	8153256
OE	831879	8156823	8157513
OE	831880	8157514	8159127
OE	831881	8159128	8160987
OE	831883	8167761	8172432
OE	831886	8177992	8180513
OE	831887	8180514	8180765
OE	831888	8180766	8186216
OE	831889	8186217	8188940
OE	831890	8188941	8198411
OE	831891	8198412	8206235
OE	831892	8206236	8213145
OE	831893	8213146	8219046
OE	831895	8219189	8219773
OE	831896	8219774	8221962
OE	831898	8225614	8227679
OE	831899	8227680	8238723
OE	831900	8238724	8245157
OE	831902	8254683	8257124
OE	831903	8257125	8257934
OE	831904	8257935	8260383
OE	831905	8260384	8262203
OE	831906	8262204	8264861
OE	831908	8267304	8269838
OE	831909	8269839	8271169
OE	831912	8286220	8287208
OE	831913	8287209	8287732
OE	831914	8287733	8289696
OE	831915	8289697	8290671
OE	831916	8290672	8292382
OE	831917	8292383	8296424
OE	831918	8296425	8297717
OE	831921	8312465	8314585
OE	831922	8314586	8315172
OE	831923	8315173	8318098
OE	831927	8326578	8330776
OE	831928	8330777	8335108
OE	831929	8335109	8342539
OE	831931	8344885	8347323
OE	831932	8347324	8347666
OE	831934	8359553	8362864
OE	831936	8363004	8368314
OE	831937	8368315	8369103
OE	831939	8370523	8371750
OE	831940	8371751	8372464
OE	831942	8374789	8381152
OE	831944	8382125	8386417
OE	831945	8386418	8397914
OE	831946	8397915	8405364
OE	831948	8407827	8412688
OE	831950	8418855	8427743
OE	831951	8427744	8429656
OE	831952	8429657	8432088
OE	831953	8432089	8437087
OE	831954	8437088	8452021
OE	831957	8493101	8500295
OE	831959	8503746	8515907
OE	831960	8515908	8518438
OE	831961	8518439	8521245
OE	831962	8521246	8525120
OE	831965	8545553	8547009
OE	831967	8548384	8556790
OE	831968	8556791	8558933
OE	831969	8558934	8564219
OE	831971	8564462	8571898
OE	831973	8575252	8583362
OE	831974	8583363	8584922
OE	831975	8584923	8586614
OE	831976	8586615	8588638
OE	831977	8588639	8596172
OE	831978	8596173	8601819
OE	831979	8601820	8604793
OE	831982	8607212	8610983
OE	831983	8610984	8619422
OE	831984	8619423	8621552
OE	831986	8626440	8646300
OE	831990	8656595	8660444
OE	831992	8664681	8665210
OE	831993	8665211	8672787
OE	831994	8672788	8676317
OE	831998	8680942	8681277
OE	832000	8689219	8690078
OE	832002	8697729	8702360
OE	832004	8703726	8703906
OE	832005	8703907	8705199
OE	832007	8708730	8711555
OE	832008	8711556	8712321
OE	832011	8721769	8726326
OE	832012	8726327	8727329
OE	832013	8727330	8729717
OE	832015	8735586	8736002
OE	832021	8751754	8756028
OE	832026	8764148	8766791
OE	832028	8774290	8775973
OE	832029	8775974	8781501
OE	832031	8783626	8784582
OE	832033	8792755	8793591
OE	832037	8798288	8799179
OE	832041	8803379	8804320
OE	832047	8816446	8818460
OE	832048	8818461	8819245
OE	832051	8830412	8831153
OE	832055	8838104	8846139
OE	832056	8846140	8846965
OE	832057	8846966	8849924
OE	832060	8859143	8864469
OE	832069	8909323	8913337
OE	832125	9055254	9059302
OE	832126	9059303	9060592
OE	832127	9060593	9061411
OE	832128	9061412	9062083
OE	832130	9064385	9070586
OE	832150	9122916	9126303
OE	832156	9146310	9149227
OE	832207	9372503	9375298
OE	832212	9387572	9389221
OE	832213	9389222	9393201
OE	832215	9393982	9396020
OE	832229	9418070	9420410
OE	832230	9420411	9430600
OE	832241	9457505	9457989
OE	832243	9458857	9459739
OE	832327	9790048	9793099
OE	832331	9807567	9820005
OE	832343	9860586	9865203
OE	832402	10050109	10050280
promoter	831636	7241380	7249191
OE	831691	7440464	7442346
OE	831697	7449786	7453057
OE	831700	7457468	7461849
OE	831705	7477552	7482840
OE	831751	7652858	7657448
OE	831827	7966874	7969316
OE	831830	7980823	7982612
OE	831837	7993742	7995195
OE	831842	8006620	8014437
OE	831845	8026571	8030620
OE	831862	8102807	8105842
OE	831864	8106804	8111448
OE	831876	8145202	8145656
OE	831910	8271170	8278380
OE	831919	8297718	8302852
OE	831924	8318099	8321260
OE	831925	8321261	8325694
OE	831930	8342540	8344884
OE	831947	8405365	8407826
OE	831958	8500296	8503745
OE	831963	8525121	8525699
OE	831966	8547010	8548383
OE	831988	8648552	8649091
OE	832003	8702361	8703725
OE	832006	8705200	8708729
OE	832014	8729718	8735585
OE	832039	8801144	8801439
OE	832093	9000202	9002018
promoter	831652	7288971	7291376
OE	831694	7446872	7447036
OE	831696	7447404	7449785
OE	831703	7468771	7475508
OE	831704	7475509	7477551
OE	831708	7489649	7499269
OE	831911	8278381	8286219
OE	831920	8302853	8312464
OE	831926	8325695	8326577
OE	831941	8372465	8374788
OE	831964	8525700	8545552
OE	831985	8621553	8626439
OE	832009	8712322	8715348
OE	832010	8715349	8721768
OE	832024	8762012	8762385
OE	832030	8781502	8783625
OE	832032	8784583	8792754
OE	832036	8795724	8798287
OE	832134	9076919	9092331
OE	832143	9115658	9118606
OE	832223	9404745	9406746
OE	832244	9459740	9469460
promoter	832790	14811791	14815589
OE	832518	13564892	13566216
OE	832530	13620952	13625474
OE	832534	13870282	13871352
OE	832535	13871353	13875493
OE	832536	13875494	13879166
OE	832539	13881466	13881928
OE	832540	13881929	13883725
OE	832541	13883726	13885296
OE	832542	13885297	13886646
OE	832548	13901516	13903175
OE	832552	13925833	13926761
OE	832553	13926762	13932274
OE	832555	13932808	13935586
OE	832558	13939261	13947000
OE	832560	13956522	13956752
OE	832567	13978192	13980032
OE	832569	13983516	13993348
OE	832570	13993349	13993564
OE	832571	13993565	13994547
OE	832572	13994548	13994821
OE	832573	13994822	13998384
OE	832574	13998385	14004218
OE	832578	14011630	14016961
OE	832580	14017069	14018773
OE	832581	14018774	14022528
OE	832583	14022549	14023410
OE	832584	14023411	14028695
OE	832585	14028696	14036068
OE	832586	14036069	14038656
OE	832587	14038657	14044314
OE	832588	14044315	14054209
OE	832591	14059259	14059783
OE	832592	14059784	14060374
OE	832595	14066382	14067384
OE	832596	14067385	14077788
OE	832598	14079821	14084659
OE	832600	14088813	14089589
OE	832602	14095348	14096352
OE	832603	14096353	14099592
OE	832604	14099593	14111693
OE	832606	14113576	14114693
OE	832608	14120655	14122424
OE	832609	14122425	14126920
OE	832610	14126921	14127233
OE	832611	14127234	14130451
OE	832612	14130452	14132342
OE	832613	14132343	14134820
OE	832614	14134821	14137430
OE	832617	14138851	14141132
OE	832618	14141133	14143104
OE	832619	14143105	14151467
OE	832621	14152275	14153406
OE	832623	14153685	14159261
OE	832624	14159262	14161315
OE	832625	14161316	14163851
OE	832626	14163852	14169216
OE	832627	14169217	14170495
OE	832628	14170496	14174027
OE	832629	14174028	14178531
OE	832630	14178532	14178917
OE	832631	14178918	14179105
OE	832632	14179106	14179643
OE	832633	14179644	14181572
OE	832634	14181573	14185076
OE	832635	14185077	14188188
OE	832636	14188189	14190858
OE	832637	14190859	14206858
OE	832638	14206859	14214288
OE	832639	14214289	14222157
OE	832640	14222158	14222452
OE	832641	14222453	14234093
OE	832642	14234094	14235376
OE	832643	14235377	14236964
OE	832644	14236965	14243365
OE	832645	14243366	14243814
OE	832646	14243815	14248022
OE	832647	14248023	14250091
OE	832648	14250092	14253301
OE	832649	14253302	14257453
OE	832650	14257454	14259342
OE	832652	14260720	14269156
OE	832653	14269157	14270087
OE	832655	14270193	14270478
OE	832656	14270479	14275955
OE	832657	14275956	14278460
OE	832658	14278461	14287216
OE	832660	14287271	14288568
OE	832661	14288569	14291387
OE	832662	14291388	14293228
OE	832663	14293229	14295798
OE	832664	14295799	14299149
OE	832665	14299150	14302747
OE	832666	14302748	14303431
OE	832667	14303432	14305323
OE	832668	14305324	14307749
OE	832669	14307750	14308420
OE	832670	14308421	14310031
OE	832671	14310032	14311069
OE	832672	14311070	14318717
OE	832673	14318718	14321750
OE	832674	14321751	14327929
OE	832675	14327930	14330918
OE	832676	14330919	14345494
OE	832677	14345495	14353269
OE	832678	14353270	14367364
OE	832679	14367365	14369386
OE	832680	14369387	14372072
OE	832681	14372073	14373402
OE	832683	14373416	14378456
OE	832684	14378457	14381883
OE	832685	14381884	14385131
OE	832686	14385132	14385406
OE	832687	14385407	14387405
OE	832688	14387406	14390062
OE	832690	14390078	14393919
OE	832691	14393920	14395818
OE	832692	14395819	14398356
OE	832693	14398357	14401052
OE	832694	14401053	14401553
OE	832695	14401554	14402369
OE	832696	14402370	14406058
OE	832697	14406059	14410577
OE	832698	14410578	14414243
OE	832699	14414244	14422491
OE	832700	14422492	14424017
OE	832701	14424018	14424356
OE	832702	14424357	14424785
OE	832703	14424786	14427874
OE	832704	14427875	14433378
OE	832705	14433379	14435185
OE	832706	14435186	14436615
OE	832707	14436616	14438108
OE	832708	14438109	14439318
OE	832709	14439319	14445495
OE	832710	14445496	14446743
OE	832711	14446744	14448805
OE	832712	14448806	14454750
OE	832713	14454751	14476279
OE	832714	14476280	14480438
OE	832715	14480439	14486165
OE	832716	14486166	14499184
OE	832717	14499185	14503031
OE	832718	14503032	14517629
OE	832719	14517630	14524465
OE	832720	14524466	14526577
OE	832721	14526578	14528725
OE	832722	14528726	14541045
OE	832723	14541046	14544747
OE	832724	14544748	14549662
OE	832725	14549663	14552222
OE	832726	14552223	14558729
OE	832727	14558730	14562535
OE	832728	14562536	14562830
OE	832729	14562831	14564143
OE	832730	14564144	14568169
OE	832731	14568170	14569472
OE	832732	14569473	14577795
OE	832733	14577796	14578858
OE	832734	14578859	14581463
OE	832735	14581464	14584623
OE	832736	14584624	14587870
OE	832737	14587871	14591102
OE	832738	14591103	14600705
OE	832739	14600706	14603571
OE	832740	14603572	14622423
OE	832741	14622424	14623320
OE	832742	14623321	14626601
OE	832743	14626602	14629553
OE	832744	14629554	14632705
OE	832745	14632706	14634583
OE	832746	14634584	14635126
OE	832747	14635127	14635731
OE	832748	14635732	14638267
OE	832749	14638268	14638500
OE	832750	14638501	14640199
OE	832751	14640200	14646429
OE	832753	14646557	14655740
OE	832755	14655821	14668335
OE	832756	14668336	14671197
OE	832757	14671198	14675092
OE	832758	14675093	14677777
OE	832759	14677778	14681964
OE	832760	14681965	14683386
OE	832761	14683387	14685262
OE	832762	14685263	14689562
OE	832763	14689563	14702752
OE	832764	14702753	14704873
OE	832765	14704874	14712497
OE	832766	14712498	14714651
OE	832767	14714652	14716983
OE	832768	14716984	14718688
OE	832769	14718689	14720327
OE	832770	14720328	14722878
OE	832771	14722879	14723473
OE	832772	14723474	14724258
OE	832773	14724259	14725187
OE	832774	14725188	14733077
OE	832775	14733078	14734502
OE	832776	14734503	14738319
OE	832777	14738320	14741397
OE	832778	14741398	14749868
OE	832779	14749869	14758242
OE	832780	14758243	14772017
OE	832781	14772018	14779928
OE	832782	14779929	14782698
OE	832783	14782699	14788782
OE	832784	14788783	14790019
OE	832785	14790020	14796369
OE	832786	14796370	14804844
OE	832787	14804845	14806849
OE	832788	14806850	14807997
OE	832792	14818152	14820028
OE	832793	14820029	14820650
OE	832794	14820651	14822271
OE	832795	14822272	14823404
OE	832796	14823405	14824728
OE	832797	14824729	14829753
OE	832798	14829754	14835190
OE	832799	14835191	14835403
OE	832800	14835404	14840028
OE	832801	14840029	14846564
OE	832802	14846565	14849364
OE	832803	14849365	14851075
OE	832805	14851144	14854235
OE	832806	14854236	14857411
OE	832807	14857412	14859019
OE	832808	14859020	14859704
OE	832809	14859705	14860852
OE	832810	14860853	14861666
OE	832811	14861667	14862426
OE	832812	14862427	14865875
OE	832813	14865876	14871755
OE	832814	14871756	14874034
OE	832815	14874035	14879249
OE	832816	14879250	14886890
OE	832817	14886891	14889692
OE	832818	14889693	14891247
OE	832819	14891248	14892649
OE	832820	14892650	14893540
OE	832821	14893541	14894904
OE	832823	14895033	14895204
OE	832824	14895205	14895746
OE	832825	14895747	14896264
OE	832828	14896466	14898690
OE	832829	14898691	14900026
OE	832830	14900027	14901640
OE	832831	14901641	14902679
OE	832832	14902680	14907388
OE	832833	14907389	14909647
OE	832834	14909648	14911246
OE	832835	14911247	14913699
OE	832836	14913700	14914648
OE	832837	14914649	14916348
OE	832838	14916349	14921692
OE	832839	14921693	14923207
OE	832840	14923208	14935397
OE	832841	14935398	14936080
OE	832842	14936081	14936483
OE	832843	14936484	14940311
OE	832844	14940312	14942573
OE	832845	14942574	14945694
OE	832847	14945704	14947209
OE	832848	14947210	14949600
OE	832849	14949601	14950334
OE	832850	14950335	14952543
OE	832851	14952544	14957076
OE	832852	14957077	14961695
OE	832854	14961739	14963700
OE	832855	14963701	14964244
OE	832856	14964245	14964829
OE	832857	14964830	14966780
OE	832858	14966781	14968745
OE	832859	14968746	14975588
OE	832860	14975589	14985266
OE	832861	14985267	14985991
OE	832862	14985992	14991873
OE	832863	14991874	14994761
OE	832864	14994762	14996898
OE	832865	14996899	15002446
OE	832866	15002447	15005891
OE	832867	15005892	15006221
OE	832868	15006222	15010789
OE	832869	15010790	15012734
OE	832870	15012735	15013192
OE	832871	15013193	15015252
OE	832873	15016314	15018085
OE	832875	15018195	15018533
OE	832876	15018534	15019776
OE	832877	15019777	15023168
OE	832878	15023169	15023599
OE	832879	15023600	15025768
OE	832880	15025769	15025962
OE	832883	15026603	15029023
OE	832884	15029024	15030849
OE	832885	15030850	15033036
OE	832886	15033037	15035487
OE	832887	15035488	15037034
OE	832888	15037035	15039944
OE	832889	15039945	15047119
OE	832890	15047120	15052373
OE	832891	15052374	15053879
OE	832892	15053880	15055568
OE	832893	15055569	15056207
OE	832894	15056208	15069352
OE	832895	15069353	15071639
OE	832896	15071640	15075471
OE	832897	15075472	15079524
OE	832898	15079525	15085015
OE	832899	15085016	15086180
OE	832900	15086181	15096047
OE	832901	15096048	15100183
OE	832902	15100184	15102072
OE	832903	15102073	15104118
OE	832904	15104119	15105747
OE	832905	15105748	15109977
OE	832906	15109978	15112340
OE	832907	15112341	15114167
OE	832908	15114168	15117484
OE	832909	15117485	15119935
OE	832910	15119936	15125645
OE	832911	15125646	15129548
OE	832912	15129549	15134035
OE	832913	15134036	15141914
OE	832914	15141915	15146319
OE	832915	15146320	15146862
OE	832916	15146863	15148755
OE	832917	15148756	15156950
OE	832918	15156951	15160038
OE	832919	15160039	15172677
OE	832920	15172678	15174501
OE	832921	15174502	15175608
OE	832922	15175609	15177674
OE	832923	15177675	15181862
OE	832924	15181863	15184405
OE	832925	15184406	15184994
OE	832926	15184995	15185533
OE	832927	15185534	15187456
OE	832928	15187457	15191713
OE	832929	15191714	15191929
OE	832930	15191930	15195867
OE	832931	15195868	15196958
OE	832932	15196959	15197908
OE	832933	15197909	15198270
OE	832934	15198271	15198855
OE	832935	15198856	15200287
OE	832936	15200288	15200490
OE	832937	15200491	15201168
OE	832938	15201169	15202672
OE	832939	15202673	15209241
OE	832940	15209242	15209505
OE	832941	15209506	15211047
OE	832942	15211048	15213253
OE	832943	15213254	15217234
OE	832944	15217235	15225679
OE	832945	15225680	15227111
OE	832946	15227112	15228603
OE	832947	15228604	15229822
OE	832948	15229823	15237729
OE	832949	15237730	15238750
OE	832950	15238751	15242198
OE	832951	15242199	15244782
OE	832953	15246672	15252877
OE	832954	15252878	15256669
OE	832955	15256670	15257007
OE	832956	15257008	15259887
OE	832957	15259888	15260655
OE	832958	15260656	15263927
OE	832959	15263928	15266794
OE	832960	15266795	15276457
OE	832961	15276458	15280715
OE	832962	15280716	15284556
OE	832963	15284557	15285629
OE	832964	15285630	15293358
OE	832966	15295250	15298702
OE	832967	15298703	15299830
OE	832968	15299831	15304296
OE	832969	15304297	15305091
OE	832970	15305092	15316609
OE	832971	15316610	15317274
OE	832972	15317275	15319272
OE	832973	15319273	15323008
OE	832974	15323009	15325629
OE	832975	15325630	15327968
OE	832976	15327969	15334495
OE	832977	15334496	15338225
OE	832978	15338226	15338854
OE	832979	15338855	15339988
OE	832980	15339989	15340708
OE	832981	15340709	15343750
OE	832982	15343751	15346225
OE	832983	15346226	15346480
OE	832984	15346481	15355360
OE	832985	15355361	15356703
OE	832986	15356704	15359225
OE	832987	15359226	15365675
OE	832988	15365676	15368471
OE	832989	15368472	15370581
OE	832990	15370582	15374750
OE	832991	15374751	15376413
OE	832992	15376414	15379653
OE	832993	15379654	15380215
OE	832994	15380216	15380776
OE	832995	15380777	15385582
OE	832996	15385583	15387679
OE	832997	15387680	15391859
OE	832998	15391860	15395470
OE	832999	15395471	15397302
OE	833001	15397408	15397760
OE	833002	15397761	15398105
OE	833003	15398106	15400985
OE	833004	15400986	15405087
OE	833005	15405088	15407667
OE	833006	15407668	15409601
OE	833007	15409602	15411991
OE	833008	15411992	15413091
OE	833009	15413092	15418519
OE	833010	15418520	15429731
OE	833011	15429732	15430177
OE	833012	15430178	15436473
OE	833013	15436474	15437625
OE	833014	15437626	15439244
OE	833015	15439245	15439594
OE	833016	15439595	15442681
OE	833017	15442682	15444265
OE	833018	15444266	15445731
OE	833019	15445732	15453082
OE	833020	15453083	15457413
OE	833021	15457414	15457852
OE	833022	15457853	15458618
OE	833023	15458619	15460909
OE	833024	15460910	15461474
OE	833025	15461475	15470256
OE	833026	15470257	15495407
OE	833028	15499800	15501209
OE	833029	15501210	15501972
OE	833030	15501973	15502218
OE	833031	15502219	15504512
OE	833032	15504513	15504716
OE	833033	15504717	15505381
OE	833034	15505382	15508450
OE	833035	15508451	15510996
OE	833036	15510997	15512302
OE	833037	15512303	15512798
OE	833038	15512799	15514228
OE	833039	15514229	15518022
OE	833040	15518023	15518467
OE	833041	15518468	15528891
OE	833042	15528892	15531738
OE	833043	15531739	15535312
OE	833044	15535313	15535644
OE	833045	15535645	15540070
OE	833048	15547330	15549896
OE	833049	15549897	15551072
OE	833050	15551073	15551663
OE	833051	15551664	15552085
OE	833052	15552086	15553979
OE	833053	15553980	15554948
OE	833055	15554980	15555161
OE	833057	15555269	15559519
OE	833058	15559520	15571219
OE	833059	15571220	15571944
OE	833060	15571945	15577564
OE	833061	15577565	15579342
OE	833062	15579343	15586161
OE	833064	15586785	15588552
OE	833065	15588553	15588824
OE	833066	15588825	15590405
OE	833068	15597671	15603767
OE	833070	15603918	15608941
OE	833071	15608942	15609990
OE	833072	15609991	15615140
OE	833073	15615141	15615550
OE	833074	15615551	15617121
OE	833075	15617122	15620287
OE	833076	15620288	15624194
OE	833077	15624195	15624608
OE	833078	15624609	15628686
OE	833081	15635172	15635703
OE	833083	15637660	15645084
OE	833084	15645085	15648082
OE	833085	15648083	15648573
OE	833087	15651507	15653304
OE	833088	15653305	15655405
OE	833093	15662296	15663631
OE	833096	15664797	15667729
OE	833098	15667878	15673521
OE	833099	15673522	15675412
OE	833105	15690821	15694825
OE	833106	15694826	15701549
OE	833107	15701550	15708949
OE	833111	15735020	15736591
OE	833112	15736592	15738870
OE	833118	15749010	15756541
OE	833119	15756542	15764279
OE	833120	15764280	15768872
OE	833122	15772328	15772682
OE	833124	15775179	15776272
OE	833125	15776273	15778781
OE	833127	15781203	15787441
OE	833128	15787442	15792997
OE	833131	15793767	15794587
OE	833137	15809473	15825594
OE	833138	15825595	15834448
OE	833144	15840987	15844350
OE	833146	15845436	15847791
OE	833152	15861536	15862857
OE	833154	15863841	15865812
OE	833157	15865921	15867879
OE	833169	15901926	15904492
OE	833170	15904493	15906713
OE	833175	15918095	15920426
OE	833177	15920971	15922868
OE	833182	15942173	15953381
OE	833186	15954377	15956030
OE	833187	15956031	15957377
OE	833191	15970281	15972443
OE	833192	15972444	15979274
OE	833195	15981136	15982517
OE	833196	15982518	15985178
OE	833197	15985179	15990131
OE	833200	15990875	15995077
OE	833201	15995078	15997814
OE	833217	16052756	16064829
OE	833266	16227431	16231087
OE	833276	16261408	16262296
OE	833277	16262297	16268306
OE	833293	16304588	16306966
OE	833302	16324998	16327008
OE	833304	16328263	16330600
OE	833327	16412001	16415465
OE	833335	16431467	16448239
OE	833381	16642659	16644916
OE	833392	16672695	16675290
OE	833470	16925761	16927626
OE	833571	17236554	17238616
OE	833640	17462486	17469933
OE	833745	17748812	17749107
OE	833803	17921248	17924197
promoter	832872	15015253	15016313
OE	832789	14807998	14811790
OE	832790	14811791	14815589
OE	832791	14815590	14818151
OE	832952	15244783	15246671
OE	833027	15495408	15499799
OE	833046	15540071	15547221
OE	833080	15631546	15635171
OE	833082	15635704	15637659
OE	833086	15648574	15651506
OE	833089	15655406	15656252
OE	833090	15656253	15659538
OE	833091	15659539	15661537
OE	833092	15661538	15662295
OE	833095	15663644	15664796
OE	833101	15677218	15677786
OE	833102	15677787	15679223
OE	833103	15679224	15689543
OE	833104	15689544	15690820
OE	833110	15728261	15735019
OE	833113	15738871	15741665
OE	833116	15744001	15748430
OE	833121	15768873	15772327
OE	833130	15793118	15793766
OE	833133	15794732	15798934
OE	833134	15798935	15804975
OE	833136	15806838	15809472
OE	833143	15837602	15840986
OE	833145	15844351	15845435
OE	833147	15847792	15849494
OE	833148	15849495	15854966
OE	833151	15858162	15861535
OE	833153	15862858	15863840
OE	833158	15867880	15868045
OE	833159	15868046	15868693
OE	833160	15868694	15878104
OE	833165	15892970	15895424
OE	833167	15895492	15895734
OE	833168	15895735	15901925
OE	833172	15906800	15911461
OE	833174	15915096	15918094
OE	833178	15922869	15927145
OE	833181	15932845	15942172
OE	833183	15953382	15954066
OE	833184	15954067	15954350
OE	833189	15962066	15966770
OE	833190	15966771	15970280
OE	833194	15979561	15981135
OE	833198	15990132	15990623
OE	833199	15990624	15990874
OE	833202	15997815	16000847
OE	833207	16019301	16022311
OE	833212	16030075	16043248
OE	833213	16043249	16044548
OE	833220	16067479	16071704
OE	833224	16085924	16089408
OE	833262	16219181	16219801
OE	833264	16219934	16227347
OE	833273	16251617	16252478
OE	833281	16269987	16270820
OE	833295	16307022	16318545
OE	833299	16319430	16321898
OE	833303	16327009	16328262
OE	833312	16361452	16363194
OE	833313	16363195	16376753
OE	833315	16378602	16381515
OE	833329	16416262	16418525
OE	833336	16448240	16451116
OE	833337	16451117	16451666
OE	833338	16451667	16452535
OE	833339	16452536	16454628
OE	833340	16454629	16461514
OE	833341	16461515	16463805
OE	833343	16465447	16479494
OE	833359	16546198	16548916
OE	833360	16548917	16550236
OE	833362	16551798	16553021
OE	833378	16635598	16637695
OE	833405	16707282	16711884
OE	833415	16737153	16737795
OE	833432	16776458	16790676
OE	833495	17010105	17013419
OE	833588	17272358	17272690
OE	833671	17532312	17537298
OE	833672	17537299	17539265
OE	833676	17546687	17553942
OE	833677	17553943	17558391
OE	833682	17564104	17565630
OE	833686	17571804	17573445
OE	833687	17573446	17574090
OE	834071	18741310	18741784
OE	834073	18747058	18748573
OE	834079	18757699	18757879
OE	835002	21659754	21660330
OE	835083	21890687	21892082
OE	835087	21894576	21895494
OE	835089	21897904	21898252
OE	835092	21902562	21905913
promoter	833067	15590406	15597670
OE	833079	15628687	15631545
OE	833100	15675413	15677217
OE	833108	15708950	15724123
OE	833109	15724124	15728260
OE	833115	15741705	15744000
OE	833117	15748431	15749009
OE	833123	15772683	15775178
OE	833126	15778782	15781202
OE	833135	15804976	15806837
OE	833139	15834449	15835060
OE	833140	15835061	15835717
OE	833141	15835718	15837487
OE	833149	15854967	15856856
OE	833161	15878105	15884958
OE	833163	15886850	15891381
OE	833164	15891382	15892969
OE	833173	15911462	15915095
OE	833176	15920427	15920970
OE	833179	15927146	15931639
OE	833180	15931640	15932844
OE	833188	15957378	15962065
OE	833193	15979275	15979560
OE	833203	16000848	16006739
OE	833205	16006825	16015166
OE	833206	16015167	16019300
OE	833208	16022312	16024922
OE	833209	16024923	16027743
OE	833210	16027744	16029733
OE	833211	16029734	16030074
OE	833214	16044549	16048050
OE	833215	16048051	16051510
OE	833216	16051511	16052755
OE	833218	16064830	16065591
OE	833219	16065592	16067478
OE	833221	16071705	16081611
OE	833223	16083507	16085923
OE	833225	16089409	16091017
OE	833226	16091018	16091504
OE	833227	16091505	16093802
OE	833228	16093803	16101842
OE	833246	16164644	16172078
OE	833247	16172079	16177376
OE	833248	16177377	16178650
OE	833249	16178651	16187068
OE	833250	16187069	16187877
OE	833251	16187878	16189934
OE	833252	16189935	16190452
OE	833254	16190794	16194399
OE	833255	16194400	16196994
OE	833256	16196995	16198813
OE	833257	16198814	16205369
OE	833258	16205370	16208530
OE	833267	16231088	16235932
OE	833268	16235933	16242433
OE	833269	16242434	16246971
OE	833270	16246972	16250447
OE	833271	16250448	16251465
OE	833275	16252594	16261407
OE	833278	16268307	16269000
OE	833280	16269089	16269986
OE	833282	16270821	16272132
OE	833283	16272133	16276063
OE	833284	16276064	16278531
OE	833285	16278532	16279529
OE	833286	16279530	16281626
OE	833287	16281627	16283581
OE	833288	16283582	16284478
OE	833289	16284479	16291476
OE	833290	16291477	16297315
OE	833292	16302943	16304587
OE	833297	16318661	16318840
OE	833298	16318841	16319429
OE	833300	16321899	16323274
OE	833301	16323275	16324997
OE	833305	16330601	16331557
OE	833306	16331558	16333981
OE	833307	16333982	16345619
OE	833308	16345620	16346443
OE	833309	16346444	16351965
OE	833310	16351966	16353089
OE	833311	16353090	16361451
OE	833314	16376754	16378601
OE	833316	16381516	16383358
OE	833317	16383359	16389420
OE	833319	16389762	16390227
OE	833323	16397812	16398624
OE	833324	16398625	16399184
OE	833325	16399185	16411679
OE	833326	16411680	16412000
OE	833328	16415466	16416261
OE	833330	16418526	16422130
OE	833331	16422131	16424037
OE	833334	16427341	16431466
OE	833342	16463806	16465446
OE	833346	16490584	16492487
OE	833347	16492488	16497597
OE	833351	16520090	16524058
OE	833356	16534648	16540954
OE	833363	16553022	16562490
OE	833367	16576150	16578942
OE	833368	16578943	16579841
OE	833372	16601283	16603517
OE	833376	16620177	16625559
OE	833379	16637696	16638873
OE	833380	16638874	16642658
OE	833382	16644917	16649351
OE	833395	16686729	16693129
OE	833400	16697738	16699878
OE	833413	16729361	16729828
OE	833425	16761305	16763214
OE	833437	16806165	16807029
OE	833439	16811716	16813015
OE	833449	16869084	16878590
OE	833462	16905132	16907273
OE	833463	16907274	16907994
OE	833508	17054680	17060978
OE	833522	17107312	17110512
OE	833564	17222031	17224792
OE	833565	17224793	17225179
OE	833593	17279542	17294009
OE	833643	17474706	17476478
OE	833669	17529037	17529550
OE	833670	17529551	17532311
OE	833680	17560870	17561022
OE	833681	17561023	17564103
OE	833683	17565631	17565806
OE	833684	17565807	17566082
OE	833685	17566083	17571803
OE	833700	17621261	17622281
OE	833731	17714764	17719063
OE	834048	18680874	18682451
OE	834074	18748574	18750456
OE	834077	18751837	18753499
OE	834080	18757880	18758540
OE	834081	18758541	18761295
OE	835088	21895495	21897903
OE	835526	23410288	23411837
promoter	833126	15778782	15781202
OE	833150	15856857	15858161
OE	833253	16190453	16190793
OE	833260	16210420	16215907
OE	833261	16215908	16219180
OE	833272	16251466	16251616
OE	833291	16297316	16302942
OE	833318	16389421	16389761
OE	833320	16390228	16390765
OE	833321	16390766	16395926
OE	833322	16395927	16397811
OE	833332	16424038	16425444
OE	833333	16425445	16427340
OE	833344	16479495	16482919
OE	833345	16482920	16490583
OE	833348	16497598	16500157
OE	833350	16502039	16520089
OE	833352	16524059	16526874
OE	833353	16526875	16527856
OE	833354	16527857	16530508
OE	833355	16530509	16534647
OE	833357	16540955	16543882
OE	833358	16543883	16546197
OE	833361	16550237	16551797
OE	833364	16562491	16566038
OE	833365	16566039	16570986
OE	833366	16570987	16576149
OE	833369	16579842	16587197
OE	833370	16587198	16588705
OE	833371	16588706	16601282
OE	833373	16603518	16616806
OE	833374	16616807	16618395
OE	833375	16618396	16620176
OE	833383	16649352	16650214
OE	833384	16650215	16653032
OE	833385	16653033	16653585
OE	833386	16653586	16661000
OE	833387	16661001	16662514
OE	833388	16662515	16666987
OE	833389	16666988	16669282
OE	833390	16669283	16670644
OE	833391	16670645	16672694
OE	833393	16675291	16676703
OE	833394	16676704	16686728
OE	833396	16693130	16693660
OE	833397	16693661	16695526
OE	833398	16695527	16697511
OE	833399	16697512	16697737
OE	833401	16699879	16700941
OE	833402	16700942	16704990
OE	833404	16705067	16707281
OE	833406	16711885	16714539
OE	833407	16714540	16715799
OE	833408	16715800	16718284
OE	833409	16718285	16719860
OE	833410	16719861	16724544
OE	833411	16724545	16727694
OE	833414	16729829	16737152
OE	833416	16737796	16740265
OE	833417	16740266	16741779
OE	833418	16741780	16742416
OE	833419	16742417	16742891
OE	833420	16742892	16744728
OE	833421	16744729	16750429
OE	833422	16750430	16760569
OE	833423	16760570	16761166
OE	833426	16763215	16764502
OE	833427	16764503	16766039
OE	833428	16766040	16768598
OE	833429	16768599	16772640
OE	833430	16772641	16776048
OE	833431	16776049	16776457
OE	833433	16790677	16794223
OE	833434	16794224	16796332
OE	833436	16797228	16806164
OE	833438	16807030	16811715
OE	833442	16818065	16819657
OE	833443	16819658	16822009
OE	833444	16822010	16834409
OE	833445	16834410	16847699
OE	833446	16847700	16852612
OE	833447	16852613	16853004
OE	833448	16853005	16869083
OE	833450	16878591	16880410
OE	833452	16880957	16881409
OE	833453	16881410	16884588
OE	833457	16889045	16894276
OE	833458	16894277	16894975
OE	833459	16894976	16902042
OE	833460	16902043	16902665
OE	833461	16902666	16905131
OE	833466	16916818	16922037
OE	833467	16922038	16922626
OE	833468	16922627	16924338
OE	833469	16924339	16925760
OE	833471	16927627	16931592
OE	833474	16932433	16933199
OE	833475	16933200	16934138
OE	833476	16934139	16942525
OE	833477	16942526	16949549
OE	833478	16949550	16953805
OE	833479	16953806	16954299
OE	833480	16954300	16957487
OE	833481	16957488	16958954
OE	833482	16958955	16969873
OE	833483	16969874	16972063
OE	833484	16972064	16974868
OE	833486	16976739	16982903
OE	833488	16986742	16987297
OE	833494	17008297	17010104
OE	833496	17013420	17014219
OE	833498	17016653	17025632
OE	833501	17028020	17028334
OE	833506	17054257	17054563
OE	833524	17111308	17115646
OE	833525	17115647	17116303
OE	833526	17116304	17121144
OE	833529	17125339	17125775
OE	833530	17125776	17126438
OE	833532	17129993	17131842
OE	833535	17136048	17138827
OE	833538	17143337	17148790
OE	833540	17149444	17150245
OE	833545	17163828	17168634
OE	833546	17168635	17169141
OE	833548	17178854	17181355
OE	833549	17181356	17185174
OE	833553	17200743	17202394
OE	833555	17202742	17204876
OE	833558	17209876	17211772
OE	833559	17211773	17213533
OE	833569	17232205	17234985
OE	833573	17241272	17244178
OE	833576	17252106	17252691
OE	833578	17252774	17253187
OE	833594	17294010	17301755
OE	833602	17327014	17332325
OE	833603	17332326	17334299
OE	833621	17381811	17385695
OE	833622	17385696	17396943
OE	833628	17415265	17423625
OE	833631	17425876	17427229
promoter	833137	15809473	15825594
OE	833162	15884959	15886849
OE	833259	16208531	16210419
OE	833412	16727695	16729360
OE	833456	16888470	16889044
OE	833465	16916440	16916817
OE	833499	17025633	17027513
OE	833519	17097318	17104303
OE	833547	17169142	17178853
OE	833590	17272951	17277922
OE	833607	17345413	17354052
OE	833629	17423626	17424437
OE	833633	17430545	17432986
OE	833639	17451466	17462485
OE	833649	17481365	17482474
OE	833651	17484146	17491088
OE	833659	17505461	17507193
OE	833862	18112773	18121625
promoter	833377	16625560	16635597
OE	833440	16813016	16816409
OE	833441	16816410	16818064
OE	833454	16884589	16886056
OE	833464	16907995	16916439
OE	833485	16974869	16976738
OE	833497	17014220	17016652
OE	833500	17027514	17028019
OE	833505	17049227	17054256
OE	833512	17068415	17069057
OE	833515	17078091	17089965
OE	833527	17121145	17124601
OE	833533	17131843	17132322
OE	833534	17132323	17136047
OE	833536	17138828	17141516
OE	833541	17150246	17155732
OE	833542	17155733	17156472
OE	833550	17185175	17185988
OE	833551	17185989	17196226
OE	833552	17196227	17200742
OE	833554	17202395	17202741
OE	833560	17213534	17213892
OE	833566	17225180	17226885
OE	833570	17234986	17236553
OE	833574	17244179	17244966
OE	833575	17244967	17252105
OE	833597	17311970	17312843
OE	833598	17312844	17316593
OE	833601	17321983	17327013
OE	833604	17334300	17336569
OE	833610	17359895	17361486
OE	833611	17361487	17361804
OE	833614	17365737	17368020
OE	833634	17432987	17433574
OE	833636	17439408	17442173
OE	833637	17442174	17444866
OE	833638	17444867	17451465
OE	833642	17473233	17474705
OE	833661	17508768	17508940
OE	833675	17541578	17546686
OE	833690	17583278	17587908
OE	833691	17587909	17588918
OE	833694	17609476	17609674
OE	833695	17609675	17610911
OE	833697	17615822	17620846
OE	833702	17626774	17627623
OE	833707	17649400	17649774
OE	833709	17652355	17654711
OE	833712	17663416	17666019
OE	833722	17694434	17694655
OE	833724	17694779	17696167
OE	833725	17696168	17699243
OE	833728	17705743	17709886
OE	833733	17720170	17721734
OE	833735	17722088	17722494
OE	833740	17743141	17746886
OE	833742	17747308	17748028
OE	833747	17754147	17758631
OE	833751	17764919	17765637
OE	833756	17777024	17779333
OE	833759	17781438	17783347
OE	833774	17844218	17846853
OE	833775	17846854	17847040
OE	833789	17875203	17877325
OE	833791	17880743	17883349
OE	833793	17885670	17887210
OE	833804	17924198	17926835
OE	833809	17936352	17943158
OE	833819	17970746	17976997
OE	833830	18000969	18004469
OE	833843	18043668	18045258
OE	833846	18058198	18058523
OE	833851	18066763	18067941
OE	833853	18072601	18074845
OE	833855	18083252	18084096
OE	833861	18111258	18112772
OE	833897	18222534	18223357
OE	833904	18238592	18239789
OE	833905	18239790	18240751
OE	833907	18245706	18246695
OE	833952	18384568	18384783
OE	834035	18634477	18641501
OE	834047	18677004	18680873
OE	834049	18682452	18684845
OE	834051	18687051	18689301
OE	834064	18723355	18726791
OE	834094	18834336	18838232
OE	834115	18906100	18917382
OE	834120	18926399	18926935
OE	834164	19061811	19064402
promoter	833464	16907995	16916439
OE	833349	16500158	16502038
OE	833377	16625560	16635597
OE	833435	16796333	16797227
OE	833451	16880411	16880956
OE	833455	16886057	16888469
OE	833473	16931632	16932432
OE	833487	16982904	16986741
OE	833489	16987298	16996084
OE	833490	16996085	16996469
OE	833491	16996470	16998671
OE	833492	16998672	17000068
OE	833493	17000069	17008296
OE	833502	17028335	17034967
OE	833504	17036853	17049226
OE	833509	17060979	17062191
OE	833510	17062192	17066529
OE	833513	17069058	17072927
OE	833514	17072928	17078090
OE	833516	17089966	17090688
OE	833517	17090689	17091637
OE	833518	17091638	17097317
OE	833521	17104332	17107311
OE	833523	17110513	17111307
OE	833528	17124602	17125338
OE	833531	17126439	17129992
OE	833537	17141517	17143336
OE	833539	17148791	17149443
OE	833543	17156473	17161935
OE	833544	17161936	17163827
OE	833556	17204877	17205464
OE	833557	17205465	17209875
OE	833561	17213893	17220920
OE	833562	17220921	17221464
OE	833563	17221465	17222030
OE	833567	17226886	17229313
OE	833568	17229314	17232204
OE	833572	17238617	17241271
OE	833579	17253188	17259602
OE	833580	17259603	17260028
OE	833581	17260029	17260815
OE	833582	17260816	17267148
OE	833583	17267149	17268186
OE	833584	17268187	17269039
OE	833585	17269040	17269762
OE	833586	17269763	17271227
OE	833587	17271228	17272357
OE	833589	17272691	17272950
OE	833591	17277923	17278625
OE	833592	17278626	17279541
OE	833596	17301846	17311969
OE	833599	17316594	17320594
OE	833600	17320595	17321982
OE	833605	17336570	17344354
OE	833606	17344355	17345412
OE	833608	17354053	17356937
OE	833609	17356938	17359894
OE	833612	17361805	17364464
OE	833613	17364465	17365736
OE	833615	17368021	17371459
OE	833616	17371460	17372848
OE	833617	17372849	17374617
OE	833618	17374618	17379968
OE	833619	17379969	17380910
OE	833620	17380911	17381810
OE	833623	17396944	17399166
OE	833624	17399167	17400109
OE	833625	17400110	17408843
OE	833627	17408877	17415264
OE	833630	17424438	17425875
OE	833632	17427230	17430544
OE	833635	17433575	17439407
OE	833641	17469934	17473232
OE	833644	17476479	17478453
OE	833645	17478454	17480512
OE	833647	17480531	17481071
OE	833648	17481072	17481364
OE	833650	17482475	17484145
OE	833652	17491089	17497002
OE	833653	17497003	17498677
OE	833654	17498678	17499131
OE	833655	17499132	17501175
OE	833656	17501176	17502920
OE	833657	17502921	17503708
OE	833658	17503709	17505460
OE	833660	17507194	17508767
OE	833662	17508941	17509302
OE	833663	17509303	17509555
OE	833664	17509556	17510974
OE	833665	17510975	17516503
OE	833666	17516504	17519884
OE	833667	17519885	17521776
OE	833668	17521777	17529036
OE	833673	17539266	17539688
OE	833678	17558392	17560319
OE	833679	17560320	17560869
OE	833688	17574091	17581767
OE	833689	17581768	17583277
OE	833692	17588919	17599252
OE	833693	17599253	17609475
OE	833696	17610912	17615821
OE	833699	17620951	17621260
OE	833701	17622282	17626773
OE	833704	17630094	17636268
OE	833705	17636269	17642934
OE	833706	17642935	17649399
OE	833708	17649775	17652354
OE	833710	17654712	17658543
OE	833711	17658544	17663415
OE	833713	17666020	17668208
OE	833716	17668439	17674319
OE	833717	17674320	17676919
OE	833718	17676920	17681708
OE	833720	17681743	17693496
OE	833721	17693497	17694433
OE	833727	17701125	17705742
OE	833729	17709887	17712962
OE	833730	17712963	17714763
OE	833732	17719064	17720169
OE	833734	17721735	17722087
OE	833736	17722495	17724648
OE	833738	17726555	17737167
OE	833739	17737168	17743140
OE	833741	17746887	17747307
OE	833743	17748029	17748757
OE	833746	17749108	17754146
OE	833749	17762236	17763597
OE	833752	17765638	17768319
OE	833753	17768320	17772639
OE	833754	17772640	17772986
OE	833755	17772987	17777023
OE	833757	17779334	17781155
OE	833758	17781156	17781437
OE	833760	17783348	17788129
OE	833761	17788130	17792896
OE	833763	17792926	17793757
OE	833764	17793758	17796771
OE	833765	17796772	17802553
OE	833766	17802554	17804148
OE	833767	17804149	17805603
OE	833768	17805604	17808362
OE	833769	17808363	17826777
OE	833770	17826778	17828666
OE	833773	17838460	17844217
OE	833777	17848928	17850799
OE	833779	17851262	17855211
OE	833781	17856591	17858808
OE	833782	17858809	17859864
OE	833784	17859895	17861092
OE	833786	17864897	17868675
OE	833788	17869393	17875202
OE	833790	17877326	17880742
OE	833792	17883350	17885669
OE	833794	17887211	17893854
OE	833795	17893855	17900436
OE	833796	17900437	17902343
OE	833799	17903737	17907475
OE	833800	17907476	17911655
OE	833801	17911656	17919223
OE	833802	17919224	17921247
OE	833806	17932527	17934837
OE	833807	17934838	17936173
OE	833808	17936174	17936351
OE	833810	17943159	17956478
OE	833813	17957254	17957861
OE	833821	17977534	17979008
OE	833822	17979009	17980631
OE	833824	17982933	17988056
OE	833836	18025148	18025947
OE	833837	18025948	18026940
OE	833842	18040725	18043667
OE	833847	18058524	18059935
OE	833858	18088529	18099159
OE	833865	18129061	18130246
OE	833866	18130247	18132680
OE	833868	18136658	18136887
OE	833878	18180994	18183200
OE	833891	18212380	18214767
OE	833896	18221642	18222533
OE	833957	18391436	18393419
OE	834007	18560996	18567626
OE	834038	18643480	18650409
OE	834039	18650410	18652150
OE	834046	18676412	18677003
OE	834052	18689302	18692709
OE	834101	18868547	18873288
OE	834124	18933676	18937001
OE	834143	18988315	18988503
OE	834159	19046011	19046925
OE	834195	19161232	19166392
OE	834215	19254442	19255819
OE	834220	19272458	19287754
OE	834293	19492392	19493523
OE	834301	19523884	19525520
promoter	833909	18247984	18252782
OE	833703	17627624	17630093
OE	833737	17724649	17726554
OE	833748	17758632	17762235
OE	833750	17763598	17764918
OE	833771	17828667	17836567
OE	833772	17836568	17838459
OE	833776	17847041	17848927
OE	833778	17850800	17851261
OE	833780	17855212	17856590
OE	833785	17861093	17864896
OE	833787	17868676	17869392
OE	833797	17902344	17903056
OE	833805	17926836	17932526
OE	833811	17956479	17957168
OE	833814	17957862	17963900
OE	833815	17963901	17969401
OE	833816	17969402	17969929
OE	833817	17969930	17970677
OE	833820	17976998	17977533
OE	833823	17980632	17982932
OE	833829	17999076	18000968
OE	833831	18004470	18012815
OE	833835	18015502	18025147
OE	833838	18026941	18036692
OE	833839	18036693	18038513
OE	833841	18038664	18040724
OE	833844	18045259	18057105
OE	833845	18057106	18058197
OE	833848	18059936	18062287
OE	833849	18062288	18063277
OE	833850	18063278	18066762
OE	833852	18067942	18072600
OE	833854	18074846	18083251
OE	833856	18084097	18084529
OE	833857	18084530	18088528
OE	833859	18099160	18104596
OE	833860	18104597	18111257
OE	833863	18121626	18128000
OE	833864	18128001	18129060
OE	833867	18132681	18136657
OE	833869	18136888	18141576
OE	833870	18141577	18146966
OE	833871	18146967	18152734
OE	833872	18152735	18153375
OE	833873	18153376	18155456
OE	833874	18155457	18157749
OE	833875	18157750	18175071
OE	833876	18175072	18175587
OE	833877	18175588	18180993
OE	833879	18183201	18185112
OE	833880	18185113	18189039
OE	833882	18189125	18191739
OE	833883	18191740	18192379
OE	833884	18192380	18193338
OE	833885	18193339	18194894
OE	833886	18194895	18197046
OE	833887	18197047	18207309
OE	833888	18207310	18209881
OE	833889	18209882	18210981
OE	833890	18210982	18212379
OE	833892	18214768	18216485
OE	833893	18216486	18217425
OE	833894	18217426	18219490
OE	833895	18219491	18221641
OE	833898	18223358	18224440
OE	833899	18224441	18228956
OE	833900	18228957	18232304
OE	833901	18232305	18235741
OE	833902	18235742	18238245
OE	833903	18238246	18238591
OE	833906	18240752	18245705
OE	833911	18255377	18260650
OE	833912	18260651	18272995
OE	833916	18283343	18284419
OE	833918	18284962	18286452
OE	833950	18380466	18382794
OE	833951	18382795	18384567
OE	833953	18384784	18385898
OE	833955	18385984	18390709
OE	833956	18390710	18391435
OE	833959	18393466	18401306
OE	833960	18401307	18411027
OE	833961	18411028	18421801
OE	833962	18421802	18422712
OE	833963	18422713	18423318
OE	833964	18423319	18428612
OE	833980	18466347	18468697
OE	834000	18526446	18526816
OE	834002	18536110	18540698
OE	834003	18540699	18542602
OE	834004	18542603	18552312
OE	834005	18552313	18557988
OE	834006	18557989	18560995
OE	834008	18567627	18571159
OE	834009	18571160	18573250
OE	834010	18573251	18574783
OE	834011	18574784	18575658
OE	834012	18575659	18578567
OE	834013	18578568	18578816
OE	834014	18578817	18580523
OE	834015	18580524	18587418
OE	834016	18587419	18588030
OE	834017	18588031	18588238
OE	834018	18588239	18590680
OE	834019	18590681	18595110
OE	834020	18595111	18597453
OE	834021	18597454	18598597
OE	834022	18598598	18605924
OE	834023	18605925	18607142
OE	834024	18607143	18607933
OE	834026	18607948	18617923
OE	834027	18617924	18620409
OE	834028	18620410	18620763
OE	834029	18620764	18621121
OE	834030	18621122	18624151
OE	834031	18624152	18627100
OE	834032	18627101	18627989
OE	834033	18627990	18632838
OE	834034	18632839	18634476
OE	834036	18641502	18642622
OE	834037	18642623	18643479
OE	834040	18652151	18658160
OE	834041	18658161	18661379
OE	834042	18661380	18668028
OE	834043	18668029	18674664
OE	834044	18674665	18675675
OE	834045	18675676	18676411
OE	834050	18684846	18687050
OE	834053	18692710	18692998
OE	834054	18692999	18697478
OE	834055	18697479	18708738
OE	834056	18708739	18709224
OE	834057	18709225	18713382
OE	834058	18713383	18714537
OE	834059	18714538	18715143
OE	834060	18715144	18719541
OE	834061	18719542	18719999
OE	834062	18720000	18722639
OE	834063	18722640	18723354
OE	834065	18726792	18727431
OE	834066	18727432	18728031
OE	834067	18728032	18731108
OE	834068	18731109	18737276
OE	834069	18737277	18737718
OE	834070	18737719	18741309
OE	834072	18741785	18747057
OE	834075	18750457	18751281
OE	834076	18751282	18751836
OE	834078	18753500	18757698
OE	834083	18761446	18763091
OE	834084	18763092	18773925
OE	834085	18773926	18787078
OE	834086	18787079	18791335
OE	834087	18791336	18793249
OE	834088	18793250	18796427
OE	834089	18796428	18798852
OE	834090	18798853	18805744
OE	834091	18805745	18815312
OE	834092	18815313	18823496
OE	834093	18823497	18834335
OE	834095	18838233	18840953
OE	834096	18840954	18848242
OE	834097	18848243	18849328
OE	834098	18849329	18852754
OE	834099	18852755	18856067
OE	834100	18856068	18868546
OE	834102	18873289	18874555
OE	834103	18874556	18874719
OE	834104	18874720	18875276
OE	834105	18875277	18875821
OE	834106	18875822	18877733
OE	834107	18877734	18882541
OE	834108	18882542	18886374
OE	834109	18886375	18890960
OE	834110	18890961	18895412
OE	834111	18895413	18900819
OE	834112	18900820	18901465
OE	834113	18901466	18904000
OE	834114	18904001	18906099
OE	834116	18917383	18918416
OE	834117	18918417	18920677
OE	834118	18920678	18923556
OE	834119	18923557	18926398
OE	834121	18926936	18931006
OE	834122	18931007	18933445
OE	834123	18933446	18933675
OE	834125	18937002	18939363
OE	834127	18939487	18947722
OE	834128	18947723	18949641
OE	834129	18949642	18950837
OE	834130	18950838	18957160
OE	834132	18957284	18958903
OE	834133	18958904	18962395
OE	834134	18962396	18963733
OE	834135	18963734	18966952
OE	834139	18975311	18977529
OE	834140	18977530	18979908
OE	834141	18979909	18987222
OE	834142	18987223	18988314
OE	834144	18988504	18991455
OE	834145	18991456	19000118
OE	834147	19004557	19005399
OE	834148	19005400	19010946
OE	834149	19010947	19015416
OE	834151	19023656	19023959
OE	834152	19023960	19025824
OE	834155	19035147	19038707
OE	834157	19041754	19043259
OE	834160	19046926	19051283
OE	834161	19051284	19060090
OE	834162	19060091	19061774
OE	834165	19064403	19065203
OE	834166	19065204	19066654
OE	834168	19066667	19068197
OE	834169	19068198	19072867
OE	834170	19072868	19077301
OE	834171	19077302	19083908
OE	834172	19083909	19085801
OE	834174	19091828	19092352
OE	834175	19092353	19096606
OE	834178	19100581	19108193
OE	834179	19108194	19108636
OE	834182	19113019	19113544
OE	834183	19113545	19115683
OE	834186	19119492	19126053
OE	834187	19126054	19126492
OE	834189	19135641	19137702
OE	834190	19137703	19143804
OE	834192	19146154	19154187
OE	834193	19154188	19155814
OE	834197	19172639	19175173
OE	834199	19177077	19199936
OE	834200	19199937	19201995
OE	834201	19201996	19205560
OE	834203	19213698	19218647
OE	834204	19218648	19222651
OE	834205	19222652	19222880
OE	834206	19222881	19229336
OE	834209	19241233	19242386
OE	834210	19242387	19243052
OE	834212	19245561	19248646
OE	834213	19248647	19253656
OE	834218	19256615	19258444
OE	834222	19292235	19295808
OE	834223	19295809	19297042
OE	834228	19305814	19306261
OE	834230	19308054	19308942
OE	834233	19313395	19314273
OE	834234	19314274	19326515
OE	834241	19348998	19352060
OE	834244	19356662	19357178
OE	834248	19365935	19367050
OE	834302	19525521	19525794
promoter	834833	21173400	21182855
OE	834229	19306262	19308053
OE	834236	19328401	19337717
OE	834297	19502764	19503970
OE	834618	20450149	20458505
OE	834670	20640298	20648789
OE	834671	20648790	20654671
OE	834686	20684772	20686971
OE	834725	20800237	20803713
OE	834726	20803714	20807321
OE	834728	20807447	20807905
OE	834729	20807906	20808078
OE	834731	20808178	20810244
OE	834732	20810245	20811288
OE	834733	20811289	20811846
OE	834735	20811984	20813841
OE	834736	20813842	20814536
OE	834737	20814537	20816023
OE	834738	20816024	20818459
OE	834739	20818460	20821698
OE	834740	20821699	20823688
OE	834741	20823689	20836785
OE	834742	20836786	20843931
OE	834802	21028956	21032831
OE	834803	21032832	21042950
OE	834804	21042951	21049495
OE	834805	21049496	21052027
OE	834806	21052028	21057536
OE	834807	21057537	21059429
OE	834808	21059430	21072139
OE	834809	21072140	21074202
OE	834810	21074203	21075809
OE	834811	21075810	21077751
OE	834812	21077752	21087876
OE	834813	21087877	21094769
OE	834814	21094770	21094966
OE	834816	21095087	21097771
OE	834817	21097772	21107415
OE	834818	21107416	21111342
OE	834819	21111343	21112610
OE	834820	21112611	21119771
OE	834821	21119772	21124625
OE	834822	21124626	21127030
OE	834823	21127031	21133526
OE	834824	21133527	21135522
OE	834825	21135523	21153927
OE	834826	21153928	21157525
OE	834827	21157526	21157734
OE	834828	21157735	21158503
OE	834829	21158504	21163029
OE	834830	21163030	21163820
OE	834831	21163821	21172238
OE	834835	21184454	21186401
OE	834836	21186402	21198276
OE	834837	21198277	21204280
OE	834838	21204281	21210482
OE	834839	21210483	21212100
OE	834840	21212101	21214351
OE	834841	21214352	21217236
OE	834842	21217237	21221747
OE	834843	21221748	21223587
OE	834844	21223588	21224055
OE	834845	21224056	21224657
OE	834846	21224658	21229078
OE	834847	21229079	21232769
OE	834848	21232770	21241400
OE	834849	21241401	21247079
OE	834850	21247080	21256899
OE	834851	21256900	21259835
OE	834852	21259836	21260459
OE	834853	21260460	21265448
OE	834854	21265449	21269146
OE	834855	21269147	21273173
OE	834856	21273174	21278943
OE	834857	21278944	21280452
OE	834858	21280453	21280990
OE	834859	21280991	21283273
OE	834860	21283274	21284470
OE	834861	21284471	21284819
OE	834862	21284820	21288609
OE	834863	21288610	21288829
OE	834864	21288830	21293800
OE	834866	21293829	21295389
OE	834868	21295428	21302545
OE	834869	21302546	21303248
OE	834870	21303249	21305264
OE	834871	21305265	21309078
OE	834872	21309079	21309668
OE	834873	21309669	21310704
OE	834874	21310705	21316484
OE	834875	21316485	21317796
OE	834876	21317797	21320891
OE	834877	21320892	21321279
OE	834878	21321280	21321820
OE	834879	21321821	21323671
OE	834880	21323672	21323943
OE	834881	21323944	21328404
OE	834882	21328405	21338173
OE	834883	21338174	21338989
OE	834884	21338990	21343944
OE	834885	21343945	21349385
OE	834886	21349386	21351273
OE	834887	21351274	21351801
OE	834888	21351802	21352655
OE	834889	21352656	21357157
OE	834890	21357158	21359624
OE	834891	21359625	21363581
OE	834892	21363582	21372715
OE	834893	21372716	21373127
OE	834894	21373128	21378210
OE	834895	21378211	21380098
OE	834896	21380099	21380559
OE	834897	21380560	21383807
OE	834898	21383808	21392963
OE	834899	21392964	21393505
OE	834900	21393506	21394062
OE	834901	21394063	21395442
OE	834902	21395443	21406641
OE	834903	21406642	21407494
OE	834904	21407495	21407920
OE	834905	21407921	21408281
OE	834906	21408282	21410442
OE	834907	21410443	21417667
OE	834908	21417668	21418195
OE	834909	21418196	21420076
OE	834910	21420077	21423308
OE	834911	21423309	21424153
OE	834912	21424154	21425183
OE	834913	21425184	21425456
OE	834914	21425457	21428498
OE	834915	21428499	21430719
OE	834916	21430720	21435656
OE	834917	21435657	21436466
OE	834918	21436467	21438908
OE	834919	21438909	21441379
OE	834920	21441380	21445083
OE	834921	21445084	21445408
OE	834922	21445409	21448159
OE	834923	21448160	21452264
OE	834924	21452265	21456208
OE	834925	21456209	21467457
OE	834927	21467597	21468179
OE	834928	21468180	21477987
OE	834929	21477988	21478177
OE	834930	21478178	21483977
OE	834931	21483978	21484247
OE	834932	21484248	21485998
OE	834933	21485999	21486457
OE	834934	21486458	21487043
OE	834935	21487044	21492690
OE	834936	21492691	21495043
OE	834937	21495044	21497374
OE	834938	21497375	21497976
OE	834939	21497977	21503242
OE	834940	21503243	21506802
OE	834941	21506803	21511719
OE	834942	21511720	21512779
OE	834943	21512780	21513935
OE	834944	21513936	21516174
OE	834945	21516175	21518836
OE	834946	21518837	21520497
OE	834947	21520498	21523342
OE	834948	21523343	21524994
OE	834949	21524995	21531599
OE	834950	21531600	21537540
OE	834952	21539432	21541485
OE	834953	21541486	21542719
OE	834954	21542720	21547184
OE	834955	21547185	21548598
OE	834956	21548599	21555035
OE	834957	21555036	21557767
OE	834958	21557768	21563577
OE	834959	21563578	21564105
OE	834960	21564106	21564819
OE	834961	21564820	21565296
OE	834962	21565297	21565628
OE	834963	21565629	21567835
OE	834964	21567836	21572827
OE	834965	21572828	21574294
OE	834966	21574295	21577250
OE	834967	21577251	21579145
OE	834968	21579146	21589568
OE	834969	21589569	21590453
OE	834970	21590454	21590734
OE	834971	21590735	21594144
OE	834972	21594145	21594351
OE	834973	21594352	21594709
OE	834975	21594790	21596096
OE	834976	21596097	21596549
OE	834977	21596550	21597563
OE	834978	21597564	21597942
OE	834979	21597943	21598107
OE	834980	21598108	21600687
OE	834981	21600688	21601234
OE	834982	21601235	21603728
OE	834983	21603729	21604571
OE	834984	21604572	21606353
OE	834985	21606354	21607989
OE	834986	21607990	21613792
OE	834987	21613793	21615436
OE	834988	21615437	21621729
OE	834989	21621730	21623220
OE	834990	21623221	21626561
OE	834991	21626562	21631769
OE	834992	21631770	21633678
OE	834993	21633679	21637597
OE	834994	21637598	21643436
OE	834995	21643437	21643912
OE	834996	21643913	21648980
OE	834997	21648981	21650804
OE	834998	21650805	21653700
OE	834999	21653701	21653995
OE	835000	21653996	21654299
OE	835001	21654300	21659753
OE	835003	21660331	21664384
OE	835004	21664385	21670172
OE	835005	21670173	21672852
OE	835006	21672853	21678573
OE	835007	21678574	21679550
OE	835008	21679551	21682759
OE	835009	21682760	21687060
OE	835010	21687061	21688523
OE	835011	21688524	21693395
OE	835012	21693396	21695668
OE	835013	21695669	21708076
OE	835014	21708077	21710076
OE	835015	21710077	21711529
OE	835016	21711530	21712425
OE	835017	21712426	21715025
OE	835018	21715026	21715228
OE	835019	21715229	21715607
OE	835020	21715608	21716816
OE	835021	21716817	21732795
OE	835022	21732796	21735803
OE	835023	21735804	21738281
OE	835024	21738282	21738610
OE	835025	21738611	21744733
OE	835027	21746605	21747333
OE	835028	21747334	21747701
OE	835029	21747702	21749355
OE	835030	21749356	21753274
OE	835031	21753275	21753462
OE	835032	21753463	21756718
OE	835033	21756719	21758186
OE	835034	21758187	21766154
OE	835035	21766155	21768729
OE	835036	21768730	21774302
OE	835037	21774303	21781963
OE	835038	21781964	21785349
OE	835039	21785350	21787854
OE	835040	21787855	21788393
OE	835042	21788511	21790284
OE	835043	21790285	21790851
OE	835044	21790852	21791703
OE	835045	21791704	21792298
OE	835046	21792299	21795007
OE	835047	21795008	21797169
OE	835048	21797170	21806408
OE	835049	21806409	21806978
OE	835050	21806979	21811521
OE	835051	21811522	21815378
OE	835052	21815379	21820213
OE	835054	21820279	21820467
OE	835055	21820468	21823642
OE	835056	21823643	21827626
OE	835057	21827627	21831739
OE	835058	21831740	21834710
OE	835059	21834711	21834949
OE	835060	21834950	21842361
OE	835061	21842362	21843763
OE	835062	21843764	21844837
OE	835063	21844838	21845701
OE	835064	21845702	21851757
OE	835065	21851758	21852221
OE	835066	21852222	21854079
OE	835067	21854080	21854362
OE	835068	21854363	21856634
OE	835069	21856635	21861051
OE	835070	21861052	21864496
OE	835071	21864497	21870787
OE	835072	21870788	21871945
OE	835073	21871946	21873760
OE	835074	21873761	21875265
OE	835075	21875266	21879037
OE	835076	21879038	21879503
OE	835077	21879504	21882249
OE	835079	21882273	21884442
OE	835080	21884443	21885279
OE	835081	21885280	21886240
OE	835082	21886241	21890686
OE	835084	21892083	21893364
OE	835085	21893365	21894027
OE	835086	21894028	21894575
OE	835090	21898253	21902518
OE	835094	21905989	21911308
OE	835095	21911309	21914122
OE	835096	21914123	21917163
OE	835097	21917164	21918741
OE	835098	21918742	21919824
OE	835099	21919825	21922684
OE	835100	21922685	21933839
OE	835101	21933840	21934889
OE	835103	21934899	21937280
OE	835104	21937281	21937924
OE	835105	21937925	21941013
OE	835106	21941014	21943465
OE	835107	21943466	21946844
OE	835108	21946845	21947680
OE	835109	21947681	21951499
OE	835110	21951500	21952144
OE	835111	21952145	21956625
OE	835112	21956626	21959057
OE	835113	21959058	21961739
OE	835114	21961740	21964275
OE	835115	21964276	21964813
OE	835116	21964814	21967126
OE	835118	21971856	21972859
OE	835119	21972860	21974428
OE	835120	21974429	21980368
OE	835121	21980369	21980669
OE	835123	21980677	21984163
OE	835125	21994426	21998357
OE	835127	22000247	22000785
OE	835128	22000786	22004446
OE	835129	22004447	22006545
OE	835131	22006607	22007004
OE	835132	22007005	22009669
OE	835134	22009817	22011794
OE	835135	22011795	22013748
OE	835136	22013749	22016185
OE	835137	22016186	22018719
OE	835138	22018720	22034216
OE	835139	22034217	22037296
OE	835140	22037297	22042172
OE	835141	22042173	22042401
OE	835142	22042402	22045089
OE	835143	22045090	22051231
OE	835144	22051232	22054715
OE	835146	22063521	22068404
OE	835147	22068405	22075562
OE	835149	22075690	22079464
OE	835152	22080219	22086312
OE	835153	22086313	22089498
OE	835154	22089499	22095784
OE	835155	22095785	22096965
OE	835156	22096966	22103179
OE	835158	22105484	22117855
OE	835159	22117856	22120085
OE	835160	22120086	22121414
OE	835162	22121471	22123479
OE	835163	22123480	22127520
OE	835165	22132221	22136732
OE	835166	22136733	22137628
OE	835167	22137629	22142354
OE	835169	22147084	22148380
OE	835170	22148381	22149739
OE	835173	22158210	22162815
OE	835175	22162870	22163368
OE	835176	22163369	22166241
OE	835178	22168469	22171414
OE	835179	22171415	22172669
OE	835181	22176585	22179275
OE	835182	22179276	22180005
OE	835185	22192721	22196612
OE	835187	22200944	22202063
OE	835190	22214151	22237473
OE	835197	22513637	22513876
OE	835203	22540163	22541631
OE	835205	22544820	22548786
OE	835207	22560431	22561771
OE	835208	22561772	22562016
OE	835210	22563595	22566148
OE	835211	22566149	22568935
OE	835213	22570354	22573912
OE	835214	22573913	22574671
OE	835215	22574672	22574832
OE	835219	22585909	22603105
OE	835221	22604383	22606717
OE	835222	22606718	22607375
OE	835224	22607654	22608662
OE	835225	22608663	22621534
OE	835228	22623950	22624507
OE	835232	22639534	22640925
OE	835235	22647018	22647177
OE	835236	22647178	22658490
OE	835241	22672726	22672930
OE	835242	22672931	22675231
OE	835243	22675232	22676914
OE	835244	22676915	22681044
OE	835247	22685927	22687270
OE	835248	22687271	22687467
OE	835252	22691967	22693862
OE	835254	22698032	22700638
OE	835255	22700639	22702742
OE	835256	22702743	22703904
OE	835257	22703905	22705961
OE	835259	22708097	22715948
OE	835261	22716546	22723695
OE	835262	22723696	22726702
OE	835264	22729423	22729705
OE	835265	22729706	22732049
OE	835266	22732050	22743996
OE	835268	22744065	22750514
OE	835270	22758265	22763342
OE	835280	22782372	22783839
OE	835281	22783840	22785393
OE	835286	22792925	22796899
OE	835289	22804699	22806558
OE	835292	22810550	22813254
OE	835293	22813255	22814290
OE	835295	22814601	22815343
OE	835304	22831441	22833995
OE	835305	22833996	22835183
OE	835333	22912820	22916749
OE	835339	22927580	22929484
OE	835342	22930405	22931954
OE	835346	22939791	22941165
OE	835377	23039772	23041284
OE	835384	23054340	23056549
OE	835385	23056550	23060328
OE	835390	23068679	23070520
OE	835400	23089779	23090415
OE	835403	23092019	23092647
OE	835408	23104477	23105904
OE	835415	23127703	23132273
OE	835416	23132274	23135936
OE	835447	23207253	23207416
OE	835466	23260542	23263106
OE	835521	23401617	23404873
OE	835528	23412540	23414469
OE	835529	23414470	23416073
OE	835531	23423342	23424529
OE	835541	23462422	23463706
OE	835545	23468460	23469023
OE	835562	23511336	23511523
OE	835579	23547474	23550655
OE	835634	23762178	23774140
OE	835639	23788792	23791842
OE	835654	23829582	23829982
OE	835698	23957045	23959019
OE	835811	24408923	24410938
OE	835821	24434333	24439661
promoter	835021	21716817	21732795
OE	834260	19394512	19404993
OE	834832	21172239	21173399
OE	834833	21173400	21182855
OE	834834	21182856	21184453
OE	835026	21744734	21746604
OE	835117	21967127	21971855
OE	835124	21984164	21994425
OE	835126	21998358	22000246
OE	835145	22054716	22063520
OE	835150	22079465	22079750
OE	835151	22079751	22080218
OE	835157	22103180	22105483
OE	835164	22127521	22132220
OE	835168	22142355	22147083
OE	835171	22149740	22155410
OE	835172	22155411	22158209
OE	835177	22166242	22168468
OE	835180	22172670	22176584
OE	835183	22180006	22192595
OE	835186	22196613	22200943
OE	835188	22202064	22206933
OE	835189	22206934	22214150
OE	835195	22487537	22513342
OE	835196	22513343	22513636
OE	835198	22513877	22515791
OE	835199	22515792	22519636
OE	835202	22533530	22540162
OE	835204	22541632	22544819
OE	835206	22548787	22560430
OE	835209	22562017	22563594
OE	835212	22568936	22570353
OE	835216	22574833	22582391
OE	835217	22582392	22582817
OE	835218	22582818	22585908
OE	835220	22603106	22604382
OE	835223	22607376	22607653
OE	835226	22621535	22623418
OE	835227	22623419	22623949
OE	835229	22624508	22637265
OE	835231	22638521	22639533
OE	835237	22658491	22664313
OE	835238	22664314	22665813
OE	835239	22665814	22669789
OE	835240	22669790	22672725
OE	835245	22681045	22685157
OE	835246	22685158	22685926
OE	835249	22687468	22690870
OE	835251	22691429	22691966
OE	835253	22693863	22698031
OE	835258	22705962	22708096
OE	835260	22715949	22716545
OE	835263	22726703	22729422
OE	835269	22750515	22758264
OE	835271	22763343	22767371
OE	835273	22768409	22768925
OE	835274	22768926	22771489
OE	835275	22771490	22776313
OE	835276	22776314	22779107
OE	835277	22779108	22780987
OE	835279	22782085	22782371
OE	835282	22785394	22785823
OE	835283	22785824	22786252
OE	835284	22786253	22789777
OE	835285	22789778	22792924
OE	835287	22796900	22801729
OE	835288	22801730	22804698
OE	835290	22806559	22807874
OE	835294	22814291	22814600
OE	835296	22815344	22816877
OE	835297	22816878	22817924
OE	835298	22817925	22818640
OE	835299	22818641	22822216
OE	835300	22822217	22827895
OE	835301	22827896	22829994
OE	835302	22829995	22830934
OE	835303	22830935	22831440
OE	835306	22835184	22837144
OE	835308	22837520	22843604
OE	835309	22843605	22846615
OE	835310	22846616	22850516
OE	835311	22850517	22854243
OE	835313	22857144	22858178
OE	835314	22858179	22869487
OE	835315	22869488	22872102
OE	835316	22872103	22874263
OE	835317	22874264	22874552
OE	835318	22874553	22875135
OE	835319	22875136	22877146
OE	835320	22877147	22877316
OE	835321	22877317	22881487
OE	835322	22881488	22882914
OE	835323	22882915	22886500
OE	835324	22886501	22887410
OE	835325	22887411	22889530
OE	835326	22889531	22894595
OE	835327	22894596	22898443
OE	835328	22898444	22907128
OE	835329	22907129	22909267
OE	835330	22909268	22912471
OE	835332	22912593	22912819
OE	835334	22916750	22918123
OE	835335	22918124	22918300
OE	835336	22918301	22919129
OE	835337	22919130	22924853
OE	835338	22924854	22927579
OE	835340	22929485	22929842
OE	835341	22929843	22930404
OE	835344	22933565	22939003
OE	835345	22939004	22939790
OE	835347	22941166	22942119
OE	835348	22942120	22942391
OE	835350	22942506	22945609
OE	835351	22945610	22949158
OE	835354	22952671	22957002
OE	835356	22957024	22958881
OE	835357	22958882	22959484
OE	835358	22959485	22964691
OE	835359	22964692	22967891
OE	835360	22967892	22973319
OE	835361	22973320	22974294
OE	835362	22974295	22977262
OE	835363	22977263	22978604
OE	835364	22978605	22978872
OE	835365	22978873	22981719
OE	835372	23009910	23018202
OE	835373	23018203	23024938
OE	835374	23024939	23031951
OE	835375	23031952	23033249
OE	835378	23041285	23042745
OE	835379	23042746	23043510
OE	835380	23043511	23047977
OE	835383	23050656	23054339
OE	835386	23060329	23061114
OE	835388	23064098	23064860
OE	835389	23064861	23068678
OE	835391	23070521	23073388
OE	835392	23073389	23074454
OE	835394	23074655	23077306
OE	835396	23078565	23079654
OE	835398	23079760	23081050
OE	835399	23081051	23089778
OE	835402	23091283	23092018
OE	835404	23092648	23093177
OE	835406	23102053	23103937
OE	835411	23110279	23112977
OE	835412	23112978	23118876
OE	835413	23118877	23123471
OE	835414	23123472	23127702
OE	835418	23138584	23145797
OE	835419	23145798	23147423
OE	835420	23147424	23148370
OE	835421	23148371	23153628
OE	835422	23153629	23153965
OE	835423	23153966	23154256
OE	835424	23154257	23156341
OE	835425	23156342	23157948
OE	835426	23157949	23166318
OE	835427	23166319	23170170
OE	835436	23190659	23191693
OE	835437	23191694	23194069
OE	835439	23194428	23194869
OE	835440	23194870	23195329
OE	835441	23195330	23197731
OE	835446	23206685	23207252
OE	835448	23207417	23209380
OE	835459	23249406	23256588
OE	835460	23256589	23257189
OE	835461	23257190	23257892
OE	835463	23258253	23258843
OE	835464	23258844	23259583
OE	835465	23259584	23260541
OE	835467	23263107	23263787
OE	835469	23266383	23271054
OE	835471	23271127	23272182
OE	835472	23272183	23276262
OE	835473	23276263	23282758
OE	835474	23282759	23286399
OE	835481	23294467	23299789
OE	835482	23299790	23300494
OE	835483	23300495	23303014
OE	835487	23308552	23308848
OE	835488	23308849	23309584
OE	835489	23309585	23310629
OE	835490	23310630	23314603
OE	835491	23314604	23314874
OE	835494	23321978	23322917
OE	835497	23330897	23332917
OE	835501	23337410	23340943
OE	835508	23352023	23362770
OE	835509	23362771	23364685
OE	835510	23364686	23366774
OE	835513	23374759	23375924
OE	835514	23375925	23381728
OE	835515	23381729	23381985
OE	835516	23381986	23384995
OE	835517	23384996	23388479
OE	835518	23388480	23395089
OE	835519	23395090	23399775
OE	835523	23404939	23407193
OE	835524	23407194	23409014
OE	835525	23409015	23410287
OE	835527	23411838	23412539
OE	835530	23416074	23423341
OE	835532	23424530	23428951
OE	835533	23428952	23431276
OE	835534	23431277	23434441
OE	835535	23434442	23445346
OE	835537	23447715	23451895
OE	835540	23458800	23462421
OE	835552	23495422	23499289
OE	835563	23511524	23511795
OE	835573	23526500	23532064
OE	835591	23609566	23610347
OE	835592	23610348	23612924
OE	835593	23612925	23614989
OE	835596	23619518	23622886
OE	835697	23955012	23957044
promoter	835030	21749356	21753274
OE	835194	22476160	22487536
OE	835200	22519637	22531639
OE	835230	22637266	22638520
OE	835233	22640926	22646692
OE	835234	22646693	22647017
OE	835250	22690871	22691428
OE	835291	22807875	22810549
OE	835343	22931955	22933564
OE	835352	22949159	22952603
OE	835366	22981720	22987143
OE	835371	23008837	23009909
OE	835376	23033250	23039771
OE	835387	23061115	23064097
OE	835401	23090416	23091282
OE	835417	23135937	23138583
OE	835435	23189028	23190658
OE	835438	23194070	23194427
OE	835444	23204042	23204837
OE	835455	23229276	23231887
OE	835456	23231888	23243790
OE	835457	23243791	23249393
OE	835462	23257893	23258252
OE	835480	23294161	23294466
OE	835484	23303015	23303316
OE	835486	23303417	23308551
OE	835492	23314875	23320087
OE	835499	23335818	23336137
OE	835500	23336138	23337409
OE	835503	23340983	23342312
OE	835504	23342313	23343894
OE	835505	23343895	23345813
OE	835507	23350574	23352022
OE	835520	23399776	23401616
OE	835538	23451896	23454352
OE	835539	23454353	23458799
OE	835542	23463707	23464285
OE	835548	23488610	23490157
OE	835554	23499558	23501075
OE	835555	23501076	23503121
OE	835558	23503683	23507425
OE	835561	23509877	23511335
OE	835564	23511796	23515654
OE	835565	23515655	23516789
OE	835570	23524337	23524533
OE	835571	23524534	23526311
OE	835575	23534287	23538447
OE	835580	23550656	23556401
OE	835594	23614990	23616673
OE	835601	23641714	23645865
OE	835641	23799255	23801235
OE	835644	23804888	23810805
OE	835658	23833972	23835362
OE	835665	23853171	23853378
OE	835686	23885147	23886547
OE	835699	23959020	23962372
OE	835700	23962373	23968272
OE	835708	23996015	24004001
OE	835809	24394643	24407007
promoter	835094	21905989	21911308
OE	835272	22767372	22768408
OE	835307	22837145	22837519
OE	835381	23047978	23048516
OE	835393	23074455	23074654
OE	835432	23184809	23185186
OE	835468	23263788	23266382
OE	835479	23290747	23294160
OE	835495	23322918	23330856
OE	835498	23332918	23335817
OE	835511	23366775	23374634
OE	835547	23481417	23488609
OE	835549	23490158	23492543
OE	835574	23532065	23534286
OE	835586	23584822	23592107
OE	835588	23593068	23595857
OE	835595	23616674	23619517
OE	835597	23622887	23623870
OE	835603	23646972	23647918
OE	835677	23870005	23872146
OE	835680	23874794	23875890
OE	835696	23953046	23955011
promoter	835266	22732050	22743996
OE	835201	22531640	22533529
OE	835278	22780988	22782084
OE	835312	22854244	22857143
OE	835367	22987144	22989458
OE	835368	22989459	23004953
OE	835369	23004954	23006938
OE	835370	23006939	23008836
OE	835382	23048517	23050655
OE	835395	23077307	23078564
OE	835405	23093178	23102052
OE	835407	23103938	23104476
OE	835409	23105905	23108383
OE	835431	23180657	23184808
OE	835433	23185187	23188988
OE	835443	23197858	23204041
OE	835445	23204838	23206684
OE	835449	23209381	23212022
OE	835450	23212023	23213909
OE	835475	23286400	23287780
OE	835476	23287781	23290107
OE	835478	23290190	23290746
OE	835506	23345814	23350573
OE	835536	23445347	23447714
OE	835543	23464286	23464859
OE	835544	23464860	23468459
OE	835546	23469024	23481416
OE	835551	23493206	23495421
OE	835553	23499290	23499557
OE	835557	23503271	23503682
OE	835560	23507526	23509876
OE	835569	23521438	23524336
OE	835572	23526312	23526499
OE	835576	23538448	23545604
OE	835577	23545605	23547402
OE	835581	23556402	23557368
OE	835582	23557369	23562083
OE	835583	23562084	23563442
OE	835585	23576922	23584821
OE	835587	23592108	23593067
OE	835589	23595858	23602150
OE	835590	23602151	23609565
OE	835598	23623871	23633842
OE	835599	23633843	23639867
OE	835600	23639868	23641713
OE	835602	23645866	23646971
OE	835604	23647919	23650160
OE	835633	23760389	23762177
OE	835638	23775032	23788791
OE	835643	23803409	23804887
OE	835662	23841431	23843818
OE	835663	23843819	23852788
OE	835683	23878221	23881508
OE	835684	23881509	23883014
OE	835691	23892134	23892780
OE	835701	23968273	23970799
OE	835705	23982312	23983991
OE	835706	23983992	23992741
promoter	835334	22916750	22918123
OE	835428	23170171	23172055
OE	835453	23222511	23227391
OE	835454	23227392	23229275
OE	835493	23320088	23321977
OE	835550	23492544	23493205
OE	835566	23516790	23518175
OE	835567	23518176	23520064
OE	835568	23520065	23521437
OE	835584	23563443	23576921
OE	835605	23650161	23667008
OE	835621	23733452	23736299
OE	835625	23737248	23739719
OE	835627	23740216	23743564
OE	835630	23747757	23750072
OE	835631	23750073	23758739
OE	835632	23758740	23760388
OE	835637	23774396	23775031
OE	835640	23791843	23799254
OE	835642	23801236	23803408
OE	835647	23813982	23814828
OE	835651	23821648	23823294
OE	835653	23823306	23829581
OE	835655	23829983	23831722
OE	835660	23836149	23837538
OE	835666	23853379	23856496
OE	835685	23883015	23885146
OE	835694	23951430	23953006
OE	835815	24417750	24419540
OE	835819	24430158	24433494
OE	835823	24439770	24443970
OE	835831	24476691	24477671
promoter	835593	23612925	23614989
OE	835620	23721636	23733451
OE	835623	23736336	23736722
OE	835624	23736723	23737247
OE	835626	23739720	23740215
OE	835628	23743565	23746790
OE	835629	23746791	23747756
OE	835645	23810806	23813559
OE	835646	23813560	23813981
OE	835648	23814829	23821231
OE	835649	23821232	23821574
OE	835656	23831723	23832654
OE	835657	23832655	23833971
OE	835659	23835363	23836148
OE	835661	23837539	23841430
OE	835664	23852789	23853170
OE	835667	23856497	23856916
OE	835668	23856917	23858145
OE	835669	23858146	23861354
OE	835670	23861355	23861807
OE	835671	23861808	23863601
OE	835672	23863602	23863900
OE	835673	23863901	23867523
OE	835674	23867524	23868799
OE	835675	23868800	23869771
OE	835676	23869772	23870004
OE	835679	23872248	23874793
OE	835681	23875891	23876151
OE	835682	23876152	23878220
OE	835687	23886548	23886868
OE	835688	23886869	23887215
OE	835689	23887216	23891752
OE	835690	23891753	23892133
OE	835692	23892781	23894311
OE	835702	23970800	23972033
OE	835703	23972034	23977874
OE	835704	23977875	23982311
OE	835707	23992742	23996014
OE	835709	24004002	24015795
OE	835725	24073170	24074163
OE	835796	24354625	24355506
OE	835797	24355507	24356141
OE	835798	24356142	24356419
OE	835799	24356420	24360319
OE	835800	24360320	24368258
OE	835801	24368259	24368626
OE	835802	24368627	24370949
OE	835803	24370950	24371571
OE	835804	24371572	24375458
OE	835805	24375459	24381094
OE	835806	24381095	24381422
OE	835807	24381423	24389549
OE	835808	24389550	24394642
OE	835810	24407008	24408922
OE	835812	24410939	24412305
OE	835813	24412306	24414612
OE	835814	24414613	24417749
OE	835816	24419541	24419931
OE	835817	24419932	24421796
OE	835818	24421797	24430157
OE	835820	24433495	24434332
OE	835824	24443971	24444919
OE	835825	24444920	24446113
OE	835826	24446114	24458368
OE	835827	24458369	24467475
OE	835829	24468008	24468440
OE	835830	24468441	24476690
OE	835833	24477743	24480243
OE	835834	24480244	24485187
OE	835835	24485188	24488131
OE	835836	24488132	24490023
OE	835837	24490024	24493584
OE	835838	24493585	24505455
OE	835839	24505456	24507438
OE	835840	24507439	24507635
OE	835841	24507636	24510213
OE	835842	24510214	24510562
OE	835843	24510563	24514924
OE	835844	24514925	24516290
OE	835845	24516291	24516840
OE	835846	24516841	24524083
OE	835941	24885976	24886380
